Sample	0	1	2	3	4	5	6	7	8	9	10	11	12	13	14	15	16	17	18	19	20	21	22	23	24	25	26	27	28	29	30	31	32	33	34	35	36	37	38	39	40	41	42	43	44	45	46	47	48	49	50	51	52	53	54	55	56	57	58	59	60	61	62	63	64	65	66	67	68	69	70	71	72	73	74	75	76	77	78	79	80	81	82	83	84	85	86	87	88	89	90	91	92	93	94	95	96	97	98	99	100
SRR960455	(0.0, 285.0)	(1.0, 149.5)	(2.0, 11.0)	(3.0, 13.5)	(4.0, 17.5)	(5.0, 19.5)	(6.0, 26.0)	(7.0, 36.0)	(8.0, 50.0)	(9.0, 75.5)	(10.0, 112.0)	(11.0, 158.5)	(12.0, 230.5)	(13.0, 322.5)	(14.0, 483.5)	(15.0, 790.0)	(16.0, 1272.5)	(17.0, 2060.0)	(18.0, 3542.0)	(19.0, 6215.0)	(20.0, 10199.5)	(21.0, 16342.0)	(22.0, 25988.5)	(23.0, 39542.5)	(24.0, 57364.5)	(25.0, 80701.0)	(26.0, 111480.5)	(27.0, 148707.0)	(28.0, 191827.5)	(29.0, 239241.0)	(30.0, 288679.5)	(31.0, 338119.0)	(32.0, 389053.5)	(33.0, 442485.0)	(34.0, 493124.5)	(35.0, 544237.0)	(36.0, 601194.0)	(37.0, 660727.5)	(38.0, 715421.0)	(39.0, 765419.0)	(40.0, 805192.5)	(41.0, 841718.0)	(42.0, 877550.5)	(43.0, 902918.5)	(44.0, 916433.5)	(45.0, 932033.5)	(46.0, 943213.5)	(47.0, 932641.0)	(48.0, 914789.5)	(49.0, 897398.0)	(50.0, 881544.0)	(51.0, 863653.5)	(52.0, 838567.0)	(53.0, 807260.0)	(54.0, 776603.5)	(55.0, 751710.0)	(56.0, 717002.5)	(57.0, 670514.0)	(58.0, 634712.0)	(59.0, 603055.5)	(60.0, 564489.0)	(61.0, 524923.5)	(62.0, 476956.0)	(63.0, 428324.0)	(64.0, 388634.5)	(65.0, 350859.5)	(66.0, 310262.5)	(67.0, 269155.5)	(68.0, 229662.0)	(69.0, 189392.5)	(70.0, 155173.5)	(71.0, 130231.0)	(72.0, 110053.5)	(73.0, 90823.0)	(74.0, 74322.0)	(75.0, 64342.0)	(76.0, 58784.0)	(77.0, 51677.5)	(78.0, 43503.5)	(79.0, 37730.0)	(80.0, 32858.0)	(81.0, 27973.5)	(82.0, 25666.0)	(83.0, 23078.5)	(84.0, 19764.5)	(85.0, 16509.5)	(86.0, 13727.5)	(87.0, 10515.5)	(88.0, 7142.5)	(89.0, 5422.5)	(90.0, 4004.0)	(91.0, 2612.5)	(92.0, 1588.0)	(93.0, 885.5)	(94.0, 495.0)	(95.0, 301.5)	(96.0, 159.5)	(97.0, 84.5)	(98.0, 39.5)	(99.0, 13.0)	(100.0, 7.0)
SRR960456	(0.0, 228.0)	(1.0, 119.0)	(2.0, 12.5)	(3.0, 18.0)	(4.0, 21.0)	(5.0, 17.5)	(6.0, 21.5)	(7.0, 35.5)	(8.0, 53.5)	(9.0, 86.0)	(10.0, 117.0)	(11.0, 159.0)	(12.0, 224.0)	(13.0, 314.0)	(14.0, 477.5)	(15.0, 715.5)	(16.0, 1185.0)	(17.0, 2028.0)	(18.0, 3316.0)	(19.0, 5606.5)	(20.0, 9381.5)	(21.0, 15159.5)	(22.0, 23937.0)	(23.0, 36350.5)	(24.0, 53284.0)	(25.0, 75178.0)	(26.0, 103705.5)	(27.0, 138240.5)	(28.0, 178129.0)	(29.0, 221826.5)	(30.0, 267568.0)	(31.0, 313463.5)	(32.0, 360879.0)	(33.0, 410286.5)	(34.0, 456859.5)	(35.0, 503431.5)	(36.0, 555917.5)	(37.0, 611952.5)	(38.0, 662654.0)	(39.0, 709381.0)	(40.0, 745428.0)	(41.0, 779277.0)	(42.0, 812474.5)	(43.0, 833881.5)	(44.0, 845801.0)	(45.0, 860060.0)	(46.0, 870466.5)	(47.0, 860060.5)	(48.0, 843056.0)	(49.0, 826184.0)	(50.0, 810175.0)	(51.0, 794255.5)	(52.0, 771184.5)	(53.0, 741053.0)	(54.0, 712294.5)	(55.0, 689110.0)	(56.0, 656781.0)	(57.0, 614246.5)	(58.0, 580570.5)	(59.0, 550241.0)	(60.0, 516016.5)	(61.0, 480068.5)	(62.0, 434913.5)	(63.0, 390787.0)	(64.0, 355465.0)	(65.0, 320636.5)	(66.0, 282980.5)	(67.0, 245261.0)	(68.0, 208950.0)	(69.0, 172906.0)	(70.0, 141663.0)	(71.0, 118499.0)	(72.0, 100497.0)	(73.0, 83052.0)	(74.0, 68120.5)	(75.0, 59115.0)	(76.0, 54056.0)	(77.0, 47976.0)	(78.0, 40449.5)	(79.0, 34886.0)	(80.0, 30379.0)	(81.0, 25864.5)	(82.0, 23916.0)	(83.0, 21525.5)	(84.0, 18397.0)	(85.0, 15409.5)	(86.0, 12583.5)	(87.0, 9608.5)	(88.0, 6675.0)	(89.0, 5015.0)	(90.0, 3734.0)	(91.0, 2473.5)	(92.0, 1480.0)	(93.0, 849.0)	(94.0, 476.0)	(95.0, 280.0)	(96.0, 170.5)	(97.0, 85.0)	(98.0, 32.0)	(99.0, 9.5)	(100.0, 2.5)
SRR960457	(0.0, 100.0)	(1.0, 55.0)	(2.0, 5.5)	(3.0, 7.0)	(4.0, 10.0)	(5.0, 10.0)	(6.0, 17.0)	(7.0, 21.5)	(8.0, 28.0)	(9.0, 45.0)	(10.0, 63.0)	(11.0, 87.0)	(12.0, 137.5)	(13.0, 196.5)	(14.0, 288.5)	(15.0, 432.0)	(16.0, 742.5)	(17.0, 1254.5)	(18.0, 2010.0)	(19.0, 3489.5)	(20.0, 5921.0)	(21.0, 9499.5)	(22.0, 15157.0)	(23.0, 23300.0)	(24.0, 33882.5)	(25.0, 47816.5)	(26.0, 65999.0)	(27.0, 88358.0)	(28.0, 114807.0)	(29.0, 143058.5)	(30.0, 172726.0)	(31.0, 202493.5)	(32.0, 232155.5)	(33.0, 263673.0)	(34.0, 294143.0)	(35.0, 324585.0)	(36.0, 358600.5)	(37.0, 394686.5)	(38.0, 427575.0)	(39.0, 457150.5)	(40.0, 480368.5)	(41.0, 501804.5)	(42.0, 521312.0)	(43.0, 534213.0)	(44.0, 542399.0)	(45.0, 550988.0)	(46.0, 557478.0)	(47.0, 551515.5)	(48.0, 540022.0)	(49.0, 529125.5)	(50.0, 519023.0)	(51.0, 508053.5)	(52.0, 493287.5)	(53.0, 475455.5)	(54.0, 457351.0)	(55.0, 441969.0)	(56.0, 422061.5)	(57.0, 395038.5)	(58.0, 372984.0)	(59.0, 353498.0)	(60.0, 331363.5)	(61.0, 309006.0)	(62.0, 280112.0)	(63.0, 250273.0)	(64.0, 226651.5)	(65.0, 204258.5)	(66.0, 180460.5)	(67.0, 156702.0)	(68.0, 133609.0)	(69.0, 110188.5)	(70.0, 90351.5)	(71.0, 75853.0)	(72.0, 63962.0)	(73.0, 52830.5)	(74.0, 43484.0)	(75.0, 37381.5)	(76.0, 34081.5)	(77.0, 30373.0)	(78.0, 25511.0)	(79.0, 21752.0)	(80.0, 18788.0)	(81.0, 16095.0)	(82.0, 14941.5)	(83.0, 13444.0)	(84.0, 11498.0)	(85.0, 9622.5)	(86.0, 7867.5)	(87.0, 5944.5)	(88.0, 4045.5)	(89.0, 3076.5)	(90.0, 2305.0)	(91.0, 1538.0)	(92.0, 905.0)	(93.0, 497.0)	(94.0, 275.5)	(95.0, 168.0)	(96.0, 101.5)	(97.0, 52.5)	(98.0, 21.0)	(99.0, 5.0)	(100.0, 1.5)
SRR960458	(0.0, 94.0)	(1.0, 52.0)	(2.0, 9.0)	(3.0, 9.5)	(4.0, 11.0)	(5.0, 14.0)	(6.0, 14.0)	(7.0, 15.0)	(8.0, 28.5)	(9.0, 51.0)	(10.0, 64.0)	(11.0, 88.0)	(12.0, 131.0)	(13.0, 174.5)	(14.0, 249.5)	(15.0, 399.0)	(16.0, 681.5)	(17.0, 1117.0)	(18.0, 1896.5)	(19.0, 3268.0)	(20.0, 5438.0)	(21.0, 8809.5)	(22.0, 13897.0)	(23.0, 21170.0)	(24.0, 31129.5)	(25.0, 44356.0)	(26.0, 61550.0)	(27.0, 82150.5)	(28.0, 106127.0)	(29.0, 132623.0)	(30.0, 160474.0)	(31.0, 187575.5)	(32.0, 214779.0)	(33.0, 244179.0)	(34.0, 272602.5)	(35.0, 301123.5)	(36.0, 333100.0)	(37.0, 365666.5)	(38.0, 395418.0)	(39.0, 423770.5)	(40.0, 443820.5)	(41.0, 462685.0)	(42.0, 481656.5)	(43.0, 493641.5)	(44.0, 501064.0)	(45.0, 509544.5)	(46.0, 514228.0)	(47.0, 507730.0)	(48.0, 498099.0)	(49.0, 487095.0)	(50.0, 477204.0)	(51.0, 467545.5)	(52.0, 454080.5)	(53.0, 436339.0)	(54.0, 418785.0)	(55.0, 405891.0)	(56.0, 387003.5)	(57.0, 361113.0)	(58.0, 341022.5)	(59.0, 322467.5)	(60.0, 302206.5)	(61.0, 281886.0)	(62.0, 255559.5)	(63.0, 228928.0)	(64.0, 207140.0)	(65.0, 186200.5)	(66.0, 164266.0)	(67.0, 142326.0)	(68.0, 121724.5)	(69.0, 100090.0)	(70.0, 81935.0)	(71.0, 69505.0)	(72.0, 58403.0)	(73.0, 47928.5)	(74.0, 39466.5)	(75.0, 34098.0)	(76.0, 31258.5)	(77.0, 27801.5)	(78.0, 23422.0)	(79.0, 20107.5)	(80.0, 17490.5)	(81.0, 14972.0)	(82.0, 13865.5)	(83.0, 12557.0)	(84.0, 10712.5)	(85.0, 8922.0)	(86.0, 7307.0)	(87.0, 5609.0)	(88.0, 3894.0)	(89.0, 2931.5)	(90.0, 2164.0)	(91.0, 1439.5)	(92.0, 852.0)	(93.0, 481.5)	(94.0, 292.5)	(95.0, 188.0)	(96.0, 109.5)	(97.0, 61.5)	(98.0, 21.0)	(99.0, 4.5)	(100.0, 1.0)
SRR960459	(0.0, 83.0)	(1.0, 43.5)	(2.0, 8.5)	(3.0, 10.5)	(4.0, 9.0)	(5.0, 18.0)	(6.0, 25.5)	(7.0, 31.5)	(8.0, 47.5)	(9.0, 73.5)	(10.0, 92.0)	(11.0, 130.0)	(12.0, 206.5)	(13.0, 293.5)	(14.0, 437.5)	(15.0, 685.5)	(16.0, 1119.5)	(17.0, 1946.5)	(18.0, 3314.5)	(19.0, 5537.0)	(20.0, 9141.5)	(21.0, 14690.0)	(22.0, 22860.5)	(23.0, 34194.0)	(24.0, 49585.5)	(25.0, 69860.0)	(26.0, 95854.0)	(27.0, 126876.5)	(28.0, 160911.5)	(29.0, 196984.5)	(30.0, 235481.5)	(31.0, 273597.5)	(32.0, 311638.0)	(33.0, 351617.5)	(34.0, 390569.5)	(35.0, 429090.0)	(36.0, 470436.0)	(37.0, 509680.0)	(38.0, 544263.0)	(39.0, 579016.5)	(40.0, 603595.5)	(41.0, 624680.0)	(42.0, 644945.5)	(43.0, 658166.5)	(44.0, 664865.0)	(45.0, 672609.5)	(46.0, 679543.5)	(47.0, 671160.0)	(48.0, 657402.0)	(49.0, 652846.0)	(50.0, 650669.0)	(51.0, 639460.5)	(52.0, 619189.0)	(53.0, 602888.5)	(54.0, 597897.5)	(55.0, 594439.5)	(56.0, 582034.0)	(57.0, 549705.0)	(58.0, 514998.0)	(59.0, 487925.0)	(60.0, 460789.0)	(61.0, 425073.5)	(62.0, 377400.0)	(63.0, 331027.0)	(64.0, 291500.0)	(65.0, 259622.5)	(66.0, 228764.5)	(67.0, 198090.0)	(68.0, 167710.0)	(69.0, 134004.5)	(70.0, 106983.5)	(71.0, 89652.5)	(72.0, 75083.5)	(73.0, 61358.0)	(74.0, 49839.5)	(75.0, 43031.5)	(76.0, 40288.5)	(77.0, 36198.5)	(78.0, 30215.0)	(79.0, 26031.5)	(80.0, 22614.0)	(81.0, 19000.0)	(82.0, 17368.0)	(83.0, 15562.0)	(84.0, 13234.0)	(85.0, 10830.5)	(86.0, 8775.0)	(87.0, 6663.0)	(88.0, 4641.5)	(89.0, 3548.0)	(90.0, 2659.5)	(91.0, 1779.5)	(92.0, 1081.0)	(93.0, 587.0)	(94.0, 303.0)	(95.0, 180.0)	(96.0, 96.5)	(97.0, 48.0)	(98.0, 22.5)	(99.0, 8.0)	(100.0, 5.5)
SRR960460	(0.0, 92.0)	(1.0, 50.5)	(2.0, 8.0)	(3.0, 10.0)	(4.0, 16.0)	(5.0, 17.0)	(6.0, 19.0)	(7.0, 34.5)	(8.0, 54.5)	(9.0, 74.0)	(10.0, 91.0)	(11.0, 129.0)	(12.0, 201.0)	(13.0, 289.0)	(14.0, 387.5)	(15.0, 606.0)	(16.0, 1093.0)	(17.0, 1824.5)	(18.0, 3009.0)	(19.0, 5072.0)	(20.0, 8403.0)	(21.0, 13640.0)	(22.0, 21133.0)	(23.0, 31634.0)	(24.0, 45988.5)	(25.0, 64829.5)	(26.0, 88755.0)	(27.0, 117471.0)	(28.0, 149086.5)	(29.0, 182732.5)	(30.0, 218605.0)	(31.0, 253582.5)	(32.0, 288510.0)	(33.0, 325708.0)	(34.0, 362171.0)	(35.0, 397814.0)	(36.0, 436074.0)	(37.0, 472023.5)	(38.0, 503490.5)	(39.0, 535844.5)	(40.0, 558747.5)	(41.0, 578088.5)	(42.0, 597464.0)	(43.0, 609699.5)	(44.0, 614339.5)	(45.0, 620356.0)	(46.0, 627583.0)	(47.0, 618179.5)	(48.0, 603853.0)	(49.0, 599223.5)	(50.0, 596883.0)	(51.0, 587189.0)	(52.0, 566775.0)	(53.0, 551647.0)	(54.0, 547737.0)	(55.0, 544935.0)	(56.0, 533882.0)	(57.0, 503378.5)	(58.0, 469814.5)	(59.0, 444030.5)	(60.0, 419563.5)	(61.0, 387409.0)	(62.0, 344623.0)	(63.0, 301659.5)	(64.0, 264599.0)	(65.0, 236014.5)	(66.0, 208241.0)	(67.0, 180029.5)	(68.0, 152729.5)	(69.0, 122275.5)	(70.0, 97337.0)	(71.0, 81522.0)	(72.0, 68458.0)	(73.0, 55958.0)	(74.0, 45424.0)	(75.0, 39189.5)	(76.0, 36862.5)	(77.0, 33226.0)	(78.0, 27799.5)	(79.0, 24161.0)	(80.0, 20989.5)	(81.0, 17620.0)	(82.0, 15988.5)	(83.0, 14098.5)	(84.0, 12176.5)	(85.0, 10224.0)	(86.0, 8186.0)	(87.0, 6188.0)	(88.0, 4317.0)	(89.0, 3248.5)	(90.0, 2446.0)	(91.0, 1642.5)	(92.0, 985.0)	(93.0, 562.0)	(94.0, 305.0)	(95.0, 165.0)	(96.0, 91.5)	(97.0, 52.0)	(98.0, 20.5)	(99.0, 5.5)	(100.0, 2.0)
SRR960461	(0.0, 117.0)	(1.0, 64.0)	(2.0, 9.5)	(3.0, 9.0)	(4.0, 12.5)	(5.0, 15.0)	(6.0, 13.5)	(7.0, 16.0)	(8.0, 28.0)	(9.0, 52.5)	(10.0, 78.0)	(11.0, 112.0)	(12.0, 163.5)	(13.0, 231.0)	(14.0, 335.0)	(15.0, 539.0)	(16.0, 882.5)	(17.0, 1486.5)	(18.0, 2548.0)	(19.0, 4306.5)	(20.0, 7204.5)	(21.0, 11632.5)	(22.0, 18213.0)	(23.0, 27978.0)	(24.0, 41087.5)	(25.0, 58151.5)	(26.0, 80739.5)	(27.0, 108302.5)	(28.0, 138712.5)	(29.0, 171635.5)	(30.0, 206652.0)	(31.0, 240728.0)	(32.0, 274788.5)	(33.0, 311442.0)	(34.0, 347045.5)	(35.0, 382375.0)	(36.0, 421207.0)	(37.0, 457481.0)	(38.0, 489295.0)	(39.0, 521771.0)	(40.0, 545647.5)	(41.0, 565817.0)	(42.0, 586184.0)	(43.0, 600661.5)	(44.0, 608509.0)	(45.0, 617909.5)	(46.0, 626824.0)	(47.0, 619467.0)	(48.0, 607840.5)	(49.0, 606498.5)	(50.0, 605518.0)	(51.0, 597344.5)	(52.0, 580262.0)	(53.0, 566604.0)	(54.0, 565845.0)	(55.0, 565380.5)	(56.0, 554704.0)	(57.0, 523521.0)	(58.0, 490024.0)	(59.0, 466005.5)	(60.0, 442482.0)	(61.0, 409766.5)	(62.0, 365462.5)	(63.0, 322376.0)	(64.0, 284925.5)	(65.0, 254746.5)	(66.0, 225001.5)	(67.0, 195053.5)	(68.0, 165747.5)	(69.0, 133260.0)	(70.0, 106689.0)	(71.0, 89114.5)	(72.0, 74862.5)	(73.0, 61769.0)	(74.0, 50546.0)	(75.0, 43785.5)	(76.0, 41155.5)	(77.0, 36619.5)	(78.0, 30438.5)	(79.0, 26214.0)	(80.0, 22827.0)	(81.0, 19543.0)	(82.0, 17936.5)	(83.0, 15891.5)	(84.0, 13588.0)	(85.0, 11565.5)	(86.0, 9449.5)	(87.0, 7126.5)	(88.0, 4924.5)	(89.0, 3729.0)	(90.0, 2881.0)	(91.0, 2041.5)	(92.0, 1254.5)	(93.0, 712.0)	(94.0, 409.5)	(95.0, 259.5)	(96.0, 156.5)	(97.0, 86.0)	(98.0, 35.0)	(99.0, 8.5)	(100.0, 2.5)
SRR960462	(0.0, 106.0)	(1.0, 56.5)	(2.0, 6.5)	(3.0, 11.5)	(4.0, 15.0)	(5.0, 13.5)	(6.0, 20.0)	(7.0, 22.0)	(8.0, 29.0)	(9.0, 56.5)	(10.0, 72.5)	(11.0, 89.5)	(12.0, 141.5)	(13.0, 207.0)	(14.0, 309.0)	(15.0, 497.5)	(16.0, 823.0)	(17.0, 1408.5)	(18.0, 2354.0)	(19.0, 3894.5)	(20.0, 6558.0)	(21.0, 10677.5)	(22.0, 16796.0)	(23.0, 25593.5)	(24.0, 37448.0)	(25.0, 53486.5)	(26.0, 74556.5)	(27.0, 100139.5)	(28.0, 128358.0)	(29.0, 158118.5)	(30.0, 190393.5)	(31.0, 223006.5)	(32.0, 255252.5)	(33.0, 289970.5)	(34.0, 322792.0)	(35.0, 354893.0)	(36.0, 390537.0)	(37.0, 424001.5)	(38.0, 453928.5)	(39.0, 483740.0)	(40.0, 504972.5)	(41.0, 523154.0)	(42.0, 541925.0)	(43.0, 555660.0)	(44.0, 562311.5)	(45.0, 570279.5)	(46.0, 578310.5)	(47.0, 572026.5)	(48.0, 561815.0)	(49.0, 558955.0)	(50.0, 557225.0)	(51.0, 548610.5)	(52.0, 532165.0)	(53.0, 519361.5)	(54.0, 518235.5)	(55.0, 518480.0)	(56.0, 507447.0)	(57.0, 477883.5)	(58.0, 448061.0)	(59.0, 425388.5)	(60.0, 403469.0)	(61.0, 373471.5)	(62.0, 332210.5)	(63.0, 292935.0)	(64.0, 258650.5)	(65.0, 231429.5)	(66.0, 204958.5)	(67.0, 177795.0)	(68.0, 151253.5)	(69.0, 121850.0)	(70.0, 97671.0)	(71.0, 81570.5)	(72.0, 68482.0)	(73.0, 56467.0)	(74.0, 46458.0)	(75.0, 40346.5)	(76.0, 37499.5)	(77.0, 33594.0)	(78.0, 28280.0)	(79.0, 24239.0)	(80.0, 21061.5)	(81.0, 18070.5)	(82.0, 16597.5)	(83.0, 14820.5)	(84.0, 12580.5)	(85.0, 10638.5)	(86.0, 8881.5)	(87.0, 6641.5)	(88.0, 4530.0)	(89.0, 3476.0)	(90.0, 2597.0)	(91.0, 1797.0)	(92.0, 1184.0)	(93.0, 695.5)	(94.0, 388.0)	(95.0, 226.0)	(96.0, 141.0)	(97.0, 81.0)	(98.0, 26.5)	(99.0, 6.0)	(100.0, 3.5)
SRR960463	(0.0, 2.0)	(1.0, 2.0)	(2.0, 1.5)	(3.0, 5.0)	(4.0, 6.5)	(5.0, 7.5)	(6.0, 10.5)	(7.0, 10.0)	(8.0, 22.5)	(9.0, 40.5)	(10.0, 52.0)	(11.0, 72.0)	(12.0, 94.0)	(13.0, 133.0)	(14.0, 219.0)	(15.0, 341.5)	(16.0, 541.5)	(17.0, 943.5)	(18.0, 1683.5)	(19.0, 2810.5)	(20.0, 4701.0)	(21.0, 7867.0)	(22.0, 12308.0)	(23.0, 18645.0)	(24.0, 27553.0)	(25.0, 39145.0)	(26.0, 53778.0)	(27.0, 72956.5)	(28.0, 93808.5)	(29.0, 114654.5)	(30.0, 137525.0)	(31.0, 160446.5)	(32.0, 181096.0)	(33.0, 202103.5)	(34.0, 225931.0)	(35.0, 249424.5)	(36.0, 271982.5)	(37.0, 293635.0)	(38.0, 310655.5)	(39.0, 327224.5)	(40.0, 340918.0)	(41.0, 350379.0)	(42.0, 359391.0)	(43.0, 363835.5)	(44.0, 363727.5)	(45.0, 365248.5)	(46.0, 364347.0)	(47.0, 354414.5)	(48.0, 343286.0)	(49.0, 337342.0)	(50.0, 333622.5)	(51.0, 327777.0)	(52.0, 313337.5)	(53.0, 301157.5)	(54.0, 299671.0)	(55.0, 296889.0)	(56.0, 287737.5)	(57.0, 271010.5)	(58.0, 252990.5)	(59.0, 237157.0)	(60.0, 223340.5)	(61.0, 205081.0)	(62.0, 182609.0)	(63.0, 161497.0)	(64.0, 140964.0)	(65.0, 124844.5)	(66.0, 109549.0)	(67.0, 94500.0)	(68.0, 80662.5)	(69.0, 65131.5)	(70.0, 52380.0)	(71.0, 43324.5)	(72.0, 35856.5)	(73.0, 30059.0)	(74.0, 24586.5)	(75.0, 20752.0)	(76.0, 18934.0)	(77.0, 16849.0)	(78.0, 14072.0)	(79.0, 11760.5)	(80.0, 9932.5)	(81.0, 8456.0)	(82.0, 7607.0)	(83.0, 6552.5)	(84.0, 5560.5)	(85.0, 4546.5)	(86.0, 3434.5)	(87.0, 2490.5)	(88.0, 1748.5)	(89.0, 1265.0)	(90.0, 984.0)	(91.0, 744.5)	(92.0, 514.5)	(93.0, 298.0)	(94.0, 151.5)	(95.0, 86.5)	(96.0, 46.5)	(97.0, 24.5)	(98.0, 11.0)	(99.0, 5.0)	(100.0, 3.5)
SRR960464	(0.0, 0.0)	(1.0, 1.0)	(2.0, 2.0)	(3.0, 2.0)	(4.0, 4.0)	(5.0, 7.0)	(6.0, 11.0)	(7.0, 16.5)	(8.0, 22.0)	(9.0, 35.5)	(10.0, 49.0)	(11.0, 68.5)	(12.0, 102.5)	(13.0, 141.0)	(14.0, 200.0)	(15.0, 323.0)	(16.0, 540.0)	(17.0, 921.5)	(18.0, 1563.0)	(19.0, 2645.5)	(20.0, 4506.5)	(21.0, 7315.0)	(22.0, 11597.5)	(23.0, 17709.0)	(24.0, 25835.5)	(25.0, 36508.5)	(26.0, 50422.0)	(27.0, 68498.5)	(28.0, 88068.0)	(29.0, 107343.0)	(30.0, 128757.5)	(31.0, 150683.0)	(32.0, 170065.5)	(33.0, 190125.0)	(34.0, 212343.0)	(35.0, 233717.0)	(36.0, 254433.0)	(37.0, 275046.5)	(38.0, 291529.0)	(39.0, 305765.0)	(40.0, 317790.0)	(41.0, 327346.0)	(42.0, 335586.5)	(43.0, 339378.5)	(44.0, 338882.5)	(45.0, 340448.5)	(46.0, 339824.0)	(47.0, 329942.5)	(48.0, 319666.5)	(49.0, 313197.0)	(50.0, 309187.5)	(51.0, 303763.0)	(52.0, 289675.0)	(53.0, 279362.0)	(54.0, 277699.5)	(55.0, 274517.5)	(56.0, 266190.5)	(57.0, 249486.0)	(58.0, 232771.0)	(59.0, 218583.0)	(60.0, 205783.5)	(61.0, 188663.0)	(62.0, 167774.5)	(63.0, 148989.5)	(64.0, 129945.5)	(65.0, 114972.5)	(66.0, 100921.0)	(67.0, 87151.5)	(68.0, 74562.5)	(69.0, 59738.5)	(70.0, 47904.0)	(71.0, 39882.0)	(72.0, 33001.0)	(73.0, 27500.0)	(74.0, 22548.0)	(75.0, 19097.5)	(76.0, 17476.5)	(77.0, 15640.5)	(78.0, 13035.5)	(79.0, 10823.0)	(80.0, 9217.0)	(81.0, 7934.0)	(82.0, 7208.5)	(83.0, 6176.5)	(84.0, 5147.0)	(85.0, 4190.5)	(86.0, 3130.0)	(87.0, 2235.0)	(88.0, 1638.0)	(89.0, 1266.0)	(90.0, 965.0)	(91.0, 740.0)	(92.0, 519.0)	(93.0, 302.0)	(94.0, 152.5)	(95.0, 87.5)	(96.0, 52.5)	(97.0, 28.0)	(98.0, 9.5)	(99.0, 3.0)	(100.0, 1.5)
SRR960465	(0.0, 47.0)	(1.0, 27.5)	(2.0, 8.0)	(3.0, 6.5)	(4.0, 6.0)	(5.0, 10.5)	(6.0, 15.5)	(7.0, 23.0)	(8.0, 36.5)	(9.0, 57.5)	(10.0, 81.5)	(11.0, 120.5)	(12.0, 167.0)	(13.0, 234.0)	(14.0, 340.5)	(15.0, 516.0)	(16.0, 860.0)	(17.0, 1427.0)	(18.0, 2434.0)	(19.0, 4153.0)	(20.0, 6920.0)	(21.0, 11252.5)	(22.0, 17746.0)	(23.0, 27088.5)	(24.0, 40098.5)	(25.0, 56665.5)	(26.0, 77889.0)	(27.0, 104124.0)	(28.0, 134335.0)	(29.0, 167281.5)	(30.0, 202209.0)	(31.0, 237937.0)	(32.0, 272810.0)	(33.0, 308619.5)	(34.0, 344458.5)	(35.0, 379358.5)	(36.0, 418844.5)	(37.0, 461247.0)	(38.0, 498538.5)	(39.0, 533101.0)	(40.0, 559738.5)	(41.0, 584458.0)	(42.0, 608739.0)	(43.0, 625056.0)	(44.0, 633084.0)	(45.0, 640437.5)	(46.0, 646750.0)	(47.0, 638332.5)	(48.0, 625888.0)	(49.0, 613287.0)	(50.0, 600949.0)	(51.0, 589239.0)	(52.0, 570770.0)	(53.0, 548234.0)	(54.0, 526883.0)	(55.0, 508869.0)	(56.0, 484133.0)	(57.0, 452996.5)	(58.0, 429658.0)	(59.0, 406968.0)	(60.0, 380461.0)	(61.0, 353501.5)	(62.0, 320919.5)	(63.0, 288099.5)	(64.0, 261122.5)	(65.0, 235422.5)	(66.0, 207871.5)	(67.0, 180138.5)	(68.0, 153472.0)	(69.0, 126746.0)	(70.0, 103352.0)	(71.0, 86375.0)	(72.0, 72650.5)	(73.0, 59895.5)	(74.0, 48984.0)	(75.0, 42024.0)	(76.0, 38407.5)	(77.0, 34156.5)	(78.0, 28799.0)	(79.0, 24523.0)	(80.0, 20939.0)	(81.0, 17695.0)	(82.0, 15898.5)	(83.0, 13976.0)	(84.0, 11931.5)	(85.0, 9922.0)	(86.0, 7919.0)	(87.0, 5808.5)	(88.0, 3957.5)	(89.0, 2987.5)	(90.0, 2179.0)	(91.0, 1392.5)	(92.0, 836.0)	(93.0, 492.0)	(94.0, 261.0)	(95.0, 150.5)	(96.0, 86.0)	(97.0, 41.5)	(98.0, 17.5)	(99.0, 4.0)	(100.0, 2.5)
SRR960466	(0.0, 56.0)	(1.0, 30.5)	(2.0, 5.5)	(3.0, 6.0)	(4.0, 12.0)	(5.0, 17.5)	(6.0, 19.0)	(7.0, 26.0)	(8.0, 42.5)	(9.0, 60.0)	(10.0, 77.5)	(11.0, 104.5)	(12.0, 152.5)	(13.0, 209.0)	(14.0, 307.5)	(15.0, 474.5)	(16.0, 793.0)	(17.0, 1378.0)	(18.0, 2307.0)	(19.0, 3900.0)	(20.0, 6433.0)	(21.0, 10462.5)	(22.0, 16540.0)	(23.0, 25257.5)	(24.0, 37034.5)	(25.0, 52507.5)	(26.0, 72266.5)	(27.0, 96389.5)	(28.0, 124826.0)	(29.0, 155579.0)	(30.0, 188394.5)	(31.0, 220737.0)	(32.0, 252762.5)	(33.0, 286983.0)	(34.0, 320363.0)	(35.0, 352845.5)	(36.0, 389470.5)	(37.0, 428558.5)	(38.0, 462445.5)	(39.0, 493785.0)	(40.0, 519167.5)	(41.0, 541456.5)	(42.0, 563812.5)	(43.0, 578547.0)	(44.0, 584700.0)	(45.0, 592531.0)	(46.0, 597731.0)	(47.0, 588678.0)	(48.0, 576308.0)	(49.0, 564671.0)	(50.0, 552754.0)	(51.0, 540784.5)	(52.0, 523682.0)	(53.0, 503365.0)	(54.0, 484399.5)	(55.0, 467166.5)	(56.0, 444353.0)	(57.0, 415766.0)	(58.0, 393869.5)	(59.0, 372690.0)	(60.0, 348179.5)	(61.0, 323661.0)	(62.0, 292854.5)	(63.0, 262817.5)	(64.0, 238779.0)	(65.0, 214964.0)	(66.0, 189413.0)	(67.0, 163743.5)	(68.0, 139384.0)	(69.0, 115400.0)	(70.0, 94627.5)	(71.0, 79117.5)	(72.0, 66353.0)	(73.0, 54637.5)	(74.0, 44881.0)	(75.0, 38549.0)	(76.0, 35288.5)	(77.0, 31486.5)	(78.0, 26434.5)	(79.0, 22510.0)	(80.0, 19322.0)	(81.0, 16474.5)	(82.0, 14925.0)	(83.0, 13154.0)	(84.0, 11179.0)	(85.0, 9253.5)	(86.0, 7367.0)	(87.0, 5452.0)	(88.0, 3621.5)	(89.0, 2637.0)	(90.0, 1984.5)	(91.0, 1340.5)	(92.0, 807.5)	(93.0, 454.5)	(94.0, 254.5)	(95.0, 146.5)	(96.0, 80.0)	(97.0, 42.5)	(98.0, 18.5)	(99.0, 3.5)	(100.0, 0.0)
SRR960467	(0.0, 101.0)	(1.0, 56.0)	(2.0, 8.5)	(3.0, 7.0)	(4.0, 6.0)	(5.0, 9.0)	(6.0, 15.0)	(7.0, 13.5)	(8.0, 25.5)	(9.0, 55.5)	(10.0, 72.0)	(11.0, 95.0)	(12.0, 137.0)	(13.0, 188.0)	(14.0, 293.5)	(15.0, 443.0)	(16.0, 737.0)	(17.0, 1299.5)	(18.0, 2268.5)	(19.0, 3861.0)	(20.0, 6322.0)	(21.0, 10249.5)	(22.0, 16204.5)	(23.0, 24690.0)	(24.0, 36317.0)	(25.0, 51087.0)	(26.0, 70004.0)	(27.0, 92970.0)	(28.0, 120050.5)	(29.0, 148845.5)	(30.0, 178586.0)	(31.0, 208909.5)	(32.0, 238950.5)	(33.0, 270702.0)	(34.0, 301958.0)	(35.0, 331904.5)	(36.0, 365287.5)	(37.0, 401144.5)	(38.0, 433581.5)	(39.0, 462997.5)	(40.0, 484989.5)	(41.0, 505341.5)	(42.0, 525010.0)	(43.0, 537465.0)	(44.0, 542211.0)	(45.0, 548192.5)	(46.0, 552254.0)	(47.0, 543842.0)	(48.0, 531832.0)	(49.0, 519816.0)	(50.0, 509022.5)	(51.0, 498764.0)	(52.0, 483334.0)	(53.0, 463014.0)	(54.0, 444421.0)	(55.0, 429329.0)	(56.0, 409333.0)	(57.0, 383408.5)	(58.0, 361874.5)	(59.0, 342409.0)	(60.0, 321430.5)	(61.0, 299840.0)	(62.0, 271719.0)	(63.0, 242879.5)	(64.0, 219450.0)	(65.0, 197552.5)	(66.0, 174703.0)	(67.0, 151465.0)	(68.0, 129044.5)	(69.0, 106656.0)	(70.0, 87659.5)	(71.0, 73426.0)	(72.0, 61690.0)	(73.0, 50774.0)	(74.0, 41608.0)	(75.0, 36082.5)	(76.0, 32865.5)	(77.0, 28970.5)	(78.0, 24459.0)	(79.0, 20891.0)	(80.0, 17903.0)	(81.0, 15322.0)	(82.0, 14174.0)	(83.0, 12550.5)	(84.0, 10502.5)	(85.0, 8749.0)	(86.0, 7127.5)	(87.0, 5380.0)	(88.0, 3641.0)	(89.0, 2650.5)	(90.0, 1961.5)	(91.0, 1268.5)	(92.0, 764.5)	(93.0, 440.5)	(94.0, 234.5)	(95.0, 139.0)	(96.0, 73.0)	(97.0, 25.5)	(98.0, 6.5)	(99.0, 4.0)	(100.0, 3.0)
SRR960468	(0.0, 108.0)	(1.0, 56.0)	(2.0, 4.5)	(3.0, 10.5)	(4.0, 17.0)	(5.0, 16.0)	(6.0, 16.0)	(7.0, 16.5)	(8.0, 26.5)	(9.0, 48.5)	(10.0, 62.5)	(11.0, 87.0)	(12.0, 131.5)	(13.0, 192.0)	(14.0, 279.0)	(15.0, 439.5)	(16.0, 737.5)	(17.0, 1183.0)	(18.0, 1968.5)	(19.0, 3456.5)	(20.0, 5878.5)	(21.0, 9495.0)	(22.0, 14913.0)	(23.0, 22704.0)	(24.0, 33261.5)	(25.0, 46851.0)	(26.0, 64422.5)	(27.0, 85843.0)	(28.0, 110791.5)	(29.0, 138025.5)	(30.0, 165804.0)	(31.0, 193492.0)	(32.0, 221618.5)	(33.0, 251090.5)	(34.0, 279845.5)	(35.0, 307961.0)	(36.0, 338628.5)	(37.0, 371219.5)	(38.0, 400466.0)	(39.0, 427374.0)	(40.0, 448174.5)	(41.0, 466186.0)	(42.0, 484584.0)	(43.0, 494810.0)	(44.0, 498714.5)	(45.0, 505124.0)	(46.0, 508947.0)	(47.0, 501099.5)	(48.0, 488701.0)	(49.0, 478142.0)	(50.0, 469017.0)	(51.0, 458523.5)	(52.0, 443345.0)	(53.0, 424325.0)	(54.0, 407096.0)	(55.0, 392883.0)	(56.0, 373630.0)	(57.0, 350045.5)	(58.0, 331029.5)	(59.0, 312417.0)	(60.0, 292677.0)	(61.0, 272413.0)	(62.0, 246291.0)	(63.0, 220571.5)	(64.0, 199804.5)	(65.0, 180042.0)	(66.0, 158802.0)	(67.0, 137362.5)	(68.0, 117201.0)	(69.0, 97048.5)	(70.0, 79542.0)	(71.0, 66676.0)	(72.0, 56165.0)	(73.0, 46265.0)	(74.0, 37968.0)	(75.0, 32991.0)	(76.0, 30226.5)	(77.0, 26761.5)	(78.0, 22540.0)	(79.0, 19239.5)	(80.0, 16534.5)	(81.0, 14027.0)	(82.0, 12796.5)	(83.0, 11505.5)	(84.0, 9859.5)	(85.0, 8159.0)	(86.0, 6528.5)	(87.0, 4791.5)	(88.0, 3239.5)	(89.0, 2397.5)	(90.0, 1759.5)	(91.0, 1183.0)	(92.0, 727.5)	(93.0, 420.5)	(94.0, 223.0)	(95.0, 131.0)	(96.0, 72.5)	(97.0, 31.5)	(98.0, 13.0)	(99.0, 3.0)	(100.0, 1.5)
SRR960469	(0.0, 36.0)	(1.0, 20.0)	(2.0, 4.0)	(3.0, 4.5)	(4.0, 7.0)	(5.0, 10.5)	(6.0, 12.5)	(7.0, 13.5)	(8.0, 21.5)	(9.0, 36.5)	(10.0, 53.5)	(11.0, 66.0)	(12.0, 93.5)	(13.0, 137.5)	(14.0, 218.5)	(15.0, 336.0)	(16.0, 541.0)	(17.0, 919.0)	(18.0, 1507.0)	(19.0, 2556.5)	(20.0, 4226.0)	(21.0, 6900.5)	(22.0, 10770.0)	(23.0, 16376.5)	(24.0, 24213.0)	(25.0, 34514.0)	(26.0, 47841.0)	(27.0, 64073.5)	(28.0, 83299.5)	(29.0, 104279.5)	(30.0, 126644.0)	(31.0, 148847.5)	(32.0, 171705.5)	(33.0, 195827.0)	(34.0, 219468.5)	(35.0, 243276.5)	(36.0, 269668.5)	(37.0, 297692.0)	(38.0, 322742.5)	(39.0, 345813.0)	(40.0, 364271.0)	(41.0, 381702.5)	(42.0, 398487.5)	(43.0, 410333.5)	(44.0, 416681.5)	(45.0, 422733.5)	(46.0, 428197.5)	(47.0, 423830.0)	(48.0, 415125.5)	(49.0, 406783.0)	(50.0, 399980.0)	(51.0, 393599.0)	(52.0, 382651.0)	(53.0, 369112.0)	(54.0, 356010.5)	(55.0, 344288.5)	(56.0, 329221.5)	(57.0, 309468.5)	(58.0, 292158.0)	(59.0, 275577.0)	(60.0, 258219.0)	(61.0, 240303.5)	(62.0, 217322.0)	(63.0, 194912.0)	(64.0, 176741.5)	(65.0, 158461.5)	(66.0, 139069.0)	(67.0, 120172.5)	(68.0, 102708.0)	(69.0, 85193.0)	(70.0, 69745.0)	(71.0, 58520.5)	(72.0, 49137.5)	(73.0, 40282.0)	(74.0, 32967.5)	(75.0, 28217.0)	(76.0, 25805.0)	(77.0, 22931.0)	(78.0, 19184.5)	(79.0, 16433.5)	(80.0, 14205.5)	(81.0, 12047.5)	(82.0, 11061.5)	(83.0, 9949.5)	(84.0, 8481.0)	(85.0, 7082.5)	(86.0, 5688.5)	(87.0, 4224.5)	(88.0, 2932.0)	(89.0, 2215.0)	(90.0, 1680.0)	(91.0, 1163.0)	(92.0, 714.0)	(93.0, 393.0)	(94.0, 220.0)	(95.0, 139.5)	(96.0, 78.5)	(97.0, 35.5)	(98.0, 10.0)	(99.0, 6.5)	(100.0, 1.5)
SRR960470	(0.0, 37.0)	(1.0, 21.0)	(2.0, 3.5)	(3.0, 3.5)	(4.0, 5.0)	(5.0, 9.5)	(6.0, 14.0)	(7.0, 16.0)	(8.0, 22.5)	(9.0, 33.5)	(10.0, 53.0)	(11.0, 69.5)	(12.0, 97.5)	(13.0, 138.5)	(14.0, 205.0)	(15.0, 328.0)	(16.0, 528.5)	(17.0, 854.0)	(18.0, 1357.5)	(19.0, 2313.5)	(20.0, 3988.5)	(21.0, 6378.0)	(22.0, 9975.0)	(23.0, 15298.5)	(24.0, 22495.5)	(25.0, 32143.5)	(26.0, 44464.0)	(27.0, 59637.5)	(28.0, 77958.5)	(29.0, 97794.0)	(30.0, 118367.0)	(31.0, 139492.5)	(32.0, 161125.0)	(33.0, 183098.5)	(34.0, 205201.0)	(35.0, 227649.5)	(36.0, 251911.0)	(37.0, 278674.5)	(38.0, 302205.5)	(39.0, 323417.5)	(40.0, 340694.5)	(41.0, 356210.5)	(42.0, 371502.0)	(43.0, 381710.5)	(44.0, 387570.0)	(45.0, 392639.0)	(46.0, 396791.5)	(47.0, 393671.5)	(48.0, 386316.5)	(49.0, 378095.5)	(50.0, 371449.0)	(51.0, 365755.5)	(52.0, 354959.0)	(53.0, 341814.5)	(54.0, 329352.0)	(55.0, 317881.0)	(56.0, 303259.5)	(57.0, 284396.5)	(58.0, 268894.5)	(59.0, 253866.5)	(60.0, 238086.5)	(61.0, 221824.5)	(62.0, 199887.5)	(63.0, 178786.0)	(64.0, 161853.5)	(65.0, 145068.0)	(66.0, 127939.5)	(67.0, 110807.5)	(68.0, 94414.0)	(69.0, 78439.5)	(70.0, 64202.0)	(71.0, 53699.5)	(72.0, 45234.0)	(73.0, 37129.5)	(74.0, 30200.0)	(75.0, 26086.5)	(76.0, 24170.5)	(77.0, 21391.5)	(78.0, 17929.5)	(79.0, 15443.5)	(80.0, 13373.5)	(81.0, 11335.5)	(82.0, 10405.5)	(83.0, 9302.0)	(84.0, 7858.0)	(85.0, 6574.0)	(86.0, 5356.0)	(87.0, 4008.0)	(88.0, 2817.5)	(89.0, 2126.0)	(90.0, 1571.5)	(91.0, 1067.5)	(92.0, 686.5)	(93.0, 404.5)	(94.0, 216.5)	(95.0, 132.0)	(96.0, 70.0)	(97.0, 33.5)	(98.0, 17.5)	(99.0, 4.0)	(100.0, 1.5)
