Sample	0	1	2	3	4	5	6	7	8	9	10	11	12	13	14	15	16	17	18	19	20	21	22	23	24	25	26	27	28	29	30	31	32	33	34	35	36	37	38	39	40	41	42	43	44	45	46	47	48	49	50	51	52	53	54	55	56	57	58	59	60	61	62	63	64	65	66	67	68	69	70	71	72	73	74	75	76	77	78	79	80	81	82	83	84	85	86	87	88	89	90	91	92	93	94	95	96	97	98	99	100
SRR960455	(0.0, 0.001039145466564738)	(1.0, 0.0005450956043909767)	(2.0, 4.01073688849548e-05)	(3.0, 4.92226799951718e-05)	(4.0, 6.3807177771519e-05)	(5.0, 7.109942665969261e-05)	(6.0, 9.47992355462568e-05)	(7.0, 0.0001312604799871248)	(8.0, 0.00018230622220434)	(9.0, 0.00027528239552855344)	(10.0, 0.00040836593773772156)	(11.0, 0.0005779107243877578)	(12.0, 0.0008404316843620074)	(13.0, 0.0011758751332179931)	(14.0, 0.001762901168715968)	(15.0, 0.002880438310828572)	(16.0, 0.004639693355100454)	(17.0, 0.007511016354818809)	(18.0, 0.012914572780955445)	(19.0, 0.022660663419999463)	(20.0, 0.03718864626746332)	(21.0, 0.059584965665266484)	(22.0, 0.0947573051151498)	(23.0, 0.1441768758303023)	(24.0, 0.20915810567281723)	(25.0, 0.2942458887622489)	(26.0, 0.40647177608901847)	(27.0, 0.5422042277068158)	(28.0, 0.6994269367980607)	(29.0, 0.8723024581277701)	(30.0, 1.0525613814567554)	(31.0, 1.2328239509101846)	(32.0, 1.418537476407524)	(33.0, 1.6133553746417477)	(34.0, 1.7979932934280813)	(35.0, 1.9843558290764678)	(36.0, 2.1920281390383196)	(37.0, 2.4090946886303612)	(38.0, 2.6085139959130226)	(39.0, 2.790812925868474)	(40.0, 2.935832056445361)	(41.0, 3.069008574827853)	(42.0, 3.1996583289705933)	(43.0, 3.2921532138681875)	(44.0, 3.341430585730021)	(45.0, 3.398310127057775)	(46.0, 3.439073798342665)	(47.0, 3.4005251476575573)	(48.0, 3.335436357143942)	(49.0, 3.272024783874606)	(50.0, 3.214219126938054)	(51.0, 3.1489881375711195)	(52.0, 3.057519636704536)	(53.0, 2.9433704187335104)	(54.0, 2.8315930047133633)	(55.0, 2.7408282058644886)	(56.0, 2.6142803417213463)	(57.0, 2.4447774855024167)	(58.0, 2.314238938155221)	(59.0, 2.1988153996909876)	(60.0, 2.0581971413181135)	(61.0, 1.9139364046255973)	(62.0, 1.7390409303538639)	(63.0, 1.5617226063890346)	(64.0, 1.4170097502654515)	(65.0, 1.2792773993900726)	(66.0, 1.131255685333481)	(67.0, 0.9813744478104047)	(68.0, 0.8373762320778627)	(69.0, 0.6905486237767093)	(70.0, 0.5657818914245031)	(71.0, 0.4748384324778681)	(72.0, 0.40126875650730665)	(73.0, 0.33115196038529543)	(74.0, 0.2709872609334191)	(75.0, 0.2345989389814329)	(76.0, 0.2143337793211985)	(77.0, 0.1884225959592956)	(78.0, 0.15861917475333012)	(79.0, 0.13756827527539497)	(80.0, 0.1198043569838041)	(81.0, 0.1019948621366621)	(82.0, 0.09358142998193181)	(83.0, 0.08414708298285721)	(84.0, 0.07206382657515356)	(85.0, 0.060195691509651025)	(86.0, 0.05005217330620155)	(87.0, 0.03834082159179475)	(88.0, 0.02604244384188997)	(89.0, 0.019771109798060675)	(90.0, 0.014599082274123546)	(91.0, 0.009525500110176765)	(92.0, 0.0057900456172098385)	(93.0, 0.0032286431952388613)	(94.0, 0.0018048315998229663)	(95.0, 0.0010993065198921703)	(96.0, 0.0005815568488318447)	(97.0, 0.0003080975155253346)	(98.0, 0.0001440219155414286)	(99.0, 4.73996177731284e-05)	(100.0, 2.5522871108607598e-05)
SRR960456	(0.0, 0.0009028199640974634)	(1.0, 0.0004712086654719217)	(2.0, 4.949670855797498e-05)	(3.0, 7.127526032348396e-05)	(4.0, 8.315447037739794e-05)	(5.0, 6.929539198116497e-05)	(6.0, 8.513433871971695e-05)	(7.0, 0.00014057065230464893)	(8.0, 0.00021184591262813287)	(9.0, 0.0003405373548788678)	(10.0, 0.0004632891921026457)	(11.0, 0.0006295981328574416)	(12.0, 0.0008869810173589114)	(13.0, 0.0012433573189763313)	(14.0, 0.001890774266914644)	(15.0, 0.002833191597858487)	(16.0, 0.004692287971296027)	(17.0, 0.00803034599644586)	(18.0, 0.0131304868462596)	(19.0, 0.022200263722422932)	(20.0, 0.03714826970693137)	(21.0, 0.060027628270769726)	(22.0, 0.09478421702017975)	(23.0, 0.14393840835493354)	(24.0, 0.21099060950425108)	(25.0, 0.29768508447771536)	(26.0, 0.41064647274872584)	(27.0, 0.5473959791526991)	(28.0, 0.7053439358978819)	(29.0, 0.8783745296748509)	(30.0, 1.0594988252352198)	(31.0, 1.241232920245023)	(32.0, 1.428985815015476)	(33.0, 1.6246265052617277)	(34.0, 1.8090433218753734)	(35.0, 1.9934561787523342)	(36.0, 2.201286918382244)	(37.0, 2.4231707635059343)	(38.0, 2.6239353530221075)	(39.0, 2.8089619690851877)	(40.0, 2.951698597356333)	(41.0, 3.0857317243946447)	(42.0, 3.2171850829829145)	(43.0, 3.3019511661909604)	(44.0, 3.3491492476035027)	(45.0, 3.405611132989756)	(46.0, 3.446818132798442)	(47.0, 3.405613112858098)	(48.0, 3.338279770404172)	(49.0, 3.27147109306096)	(50.0, 3.2080796684765898)	(51.0, 3.1450426403254954)	(52.0, 3.0536875552742115)	(53.0, 2.934374749361042)	(54.0, 2.82049866191588)	(55.0, 2.7286941467508905)	(56.0, 2.600679819473229)	(57.0, 2.432254399460494)	(58.0, 2.2989063068686244)	(59.0, 2.1788094730918965)	(60.0, 2.0432894649285034)	(61.0, 1.9009448505891364)	(62.0, 1.7221429405943078)	(63.0, 1.547413619779629)	(64.0, 1.4075478006048459)	(65.0, 1.2696361114839314)	(66.0, 1.120528266887203)	(67.0, 0.9711689790109999)	(68.0, 0.8273869802551096)	(69.0, 0.6846622311940176)	(70.0, 0.5609481779558727)	(71.0, 0.46922483739291804)	(72.0, 0.39794165759606487)	(73.0, 0.32886405113255496)	(74.0, 0.2697392428258827)	(75.0, 0.23407983411237523)	(76.0, 0.2140475262247916)	(77.0, 0.18997232718219256)	(78.0, 0.16016936902526469)	(79.0, 0.13813937398028117)	(80.0, 0.12029284074261773)	(81.0, 0.10241660947981948)	(82.0, 0.09470106254980235)	(83.0, 0.08523531200517521)	(84.0, 0.07284727578728524)	(85.0, 0.06101756244192922)	(86.0, 0.049827346571142246)	(87.0, 0.038047129934344205)	(88.0, 0.026431242369958634)	(89.0, 0.019858079473459557)	(90.0, 0.014785656780438283)	(91.0, 0.009794408689452087)	(92.0, 0.005860410293264237)	(93.0, 0.00336181644525766)	(94.0, 0.0018848346618876867)	(95.0, 0.0011087262716986395)	(96.0, 0.0006751351047307786)	(97.0, 0.00033657761819422976)	(98.0, 0.0001267115739084159)	(99.0, 3.761749850406098e-05)	(100.0, 9.899341711594994e-06)
SRR960457	(0.0, 0.0006172103235215923)	(1.0, 0.00033946567793687575)	(2.0, 3.394656779368757e-05)	(3.0, 4.320472264651146e-05)	(4.0, 6.172103235215923e-05)	(5.0, 6.172103235215923e-05)	(6.0, 0.0001049257549986707)	(7.0, 0.00013270021955714235)	(8.0, 0.00017281889058604584)	(9.0, 0.0002777446455847165)	(10.0, 0.0003888425038186032)	(11.0, 0.0005369729814637853)	(12.0, 0.0008486641948421893)	(13.0, 0.001212818285719929)	(14.0, 0.0017806517833597938)	(15.0, 0.0026663485976132786)	(16.0, 0.004582786652147822)	(17.0, 0.0077429035085783745)	(18.0, 0.012405927502784003)	(19.0, 0.021537554239285963)	(20.0, 0.036545023255713474)	(21.0, 0.05863189468293366)	(22.0, 0.09355056873616774)	(23.0, 0.143810005380531)	(24.0, 0.2091262878672035)	(25.0, 0.2951283743467022)	(26.0, 0.4073526414210157)	(27.0, 0.5453546976572085)	(28.0, 0.7086006561254344)	(29.0, 0.8829718306751371)	(30.0, 1.0660827034059053)	(31.0, 1.2498107864601953)	(32.0, 1.43288771262317)	(33.0, 1.627416976339088)	(34.0, 1.8154809619161172)	(35.0, 2.0033721286025603)	(36.0, 2.2133193062000474)	(37.0, 2.436045823546049)	(38.0, 2.639037040797448)	(39.0, 2.8215800800305764)	(40.0, 2.96488397294582)	(41.0, 3.0971891778959084)	(42.0, 3.2175914817568834)	(43.0, 3.2972177855944036)	(44.0, 3.347742622677881)	(45.0, 3.4007548173651507)	(46.0, 3.440811767361702)	(47.0, 3.4040106018217267)	(48.0, 3.333071533287773)	(49.0, 3.2658172103852428)	(50.0, 3.2034635374514737)	(51.0, 3.1357586510127726)	(52.0, 3.0446213746415745)	(53.0, 2.934560429751204)	(54.0, 2.8228175867292373)	(55.0, 2.727878294765146)	(56.0, 2.6050071496100853)	(57.0, 2.4382184038848456)	(58.0, 2.302095753083776)	(59.0, 2.181826149442358)	(60.0, 2.0452097303824712)	(61.0, 1.9072169323011312)	(62.0, 1.7288801814228025)	(63.0, 1.5447107929871946)	(64.0, 1.3989164564165415)	(65.0, 1.2607045486703514)	(66.0, 1.113820835878683)	(67.0, 0.9671809211648055)	(68.0, 0.8246485411539642)	(69.0, 0.6800947973335897)	(70.0, 0.5576587854566114)	(71.0, 0.46817254670083336)	(72.0, 0.3947800671308809)	(73.0, 0.32607529996807477)	(74.0, 0.2683877370801292)	(75.0, 0.23072247708722401)	(76.0, 0.21035453641101146)	(77.0, 0.1874652915632132)	(78.0, 0.1574565256335934)	(79.0, 0.13425558957241673)	(80.0, 0.11596147558323676)	(81.0, 0.09934000157080028)	(82.0, 0.0922204804889787)	(83.0, 0.08297775589424286)	(84.0, 0.07096684299851268)	(85.0, 0.059391063380865215)	(86.0, 0.04855902220306127)	(87.0, 0.03669006768174105)	(88.0, 0.024969243638066015)	(89.0, 0.018988475603141788)	(90.0, 0.0142266979571727)	(91.0, 0.009492694775762088)	(92.0, 0.00558575342787041)	(93.0, 0.003067535307902314)	(94.0, 0.0017004144413019868)	(95.0, 0.001036913343516275)	(96.0, 0.0006264684783744162)	(97.0, 0.00032403541984883595)	(98.0, 0.00012961416793953439)	(99.0, 3.0860516176079614e-05)	(100.0, 9.258154852823884e-06)
SRR960458	(0.0, 0.0006303035179653266)	(1.0, 0.0003486785418531594)	(2.0, 6.034820916689297e-05)	(3.0, 6.370088745394258e-05)	(4.0, 7.37589223150914e-05)	(5.0, 9.387499203738906e-05)	(6.0, 9.387499203738906e-05)	(7.0, 0.00010058034861148827)	(8.0, 0.00019110266236182775)	(9.0, 0.0003419731852790602)	(10.0, 0.00042914282074235)	(11.0, 0.0005900713785207312)	(12.0, 0.0008784017112069976)	(13.0, 0.0011700847221803139)	(14.0, 0.001672986465237755)	(15.0, 0.0026754372730655885)	(16.0, 0.004569700505248618)	(17.0, 0.007489883293268828)	(18.0, 0.01271670874277917)	(19.0, 0.02191310528415625)	(20.0, 0.03646372904995155)	(21.0, 0.05907083873952707)	(22.0, 0.09318434031025685)	(23.0, 0.14195239867368048)	(24.0, 0.20873439747342162)	(25.0, 0.29742279620074497)	(26.0, 0.41271469713580694)	(27.0, 0.550848395240538)	(28.0, 0.7116193771394278)	(29.0, 0.8892845049267607)	(30.0, 1.0760353908719982)	(31.0, 1.2577606120649483)	(32.0, 1.4401697796284563)	(33.0, 1.6373072629069734)	(34.0, 1.8278969654908823)	(35.0, 2.0191404403407662)	(36.0, 2.23355427483245)	(37.0, 2.451924269702852)	(38.0, 2.651418685817165)	(39.0, 2.841532308084313)	(40.0, 2.9759747073950025)	(41.0, 3.1024679064870972)	(42.0, 3.2296785787326208)	(43.0, 3.310042277273199)	(44.0, 3.3598127864444516)	(45.0, 3.4166775628710995)	(46.0, 3.4480821003858937)	(47.0, 3.4045106933673965)	(48.0, 3.3399314042022468)	(49.0, 3.266145660460859)	(50.0, 3.199822978586444)	(51.0, 3.1350592921155065)	(52.0, 3.0447716658452606)	(53.0, 2.925808582185879)	(54.0, 2.8081027528841416)	(55.0, 2.721643885217706)	(56.0, 2.5949964629244073)	(57.0, 2.4213914285426914)	(58.0, 2.286677462290751)	(59.0, 2.16225957105834)	(60.0, 2.026402341510516)	(61.0, 1.8901461432465325)	(62.0, 1.7136175733985095)	(63.0, 1.535043869795386)	(64.0, 1.3889475607589123)	(65.0, 1.2485407467755616)	(66.0, 1.1014621030009824)	(67.0, 0.9543465797652455)	(68.0, 0.8162061763039404)	(69.0, 0.6711391395015909)	(70.0, 0.5494033908988195)	(71.0, 0.46605580868276625)	(72.0, 0.3916129399971167)	(73.0, 0.32137768256171445)	(74.0, 0.26463695523168684)	(75.0, 0.22863924846363518)	(76.0, 0.20959938847148044)	(77.0, 0.18641897079481945)	(78.0, 0.15705286167855192)	(79.0, 0.13482795731370006)	(80.0, 0.1172800391592824)	(81.0, 0.10039259862741352)	(82.0, 0.09297312157817272)	(83.0, 0.08419916250096389)	(84.0, 0.07183113230003789)	(85.0, 0.05982519135411323)	(86.0, 0.048996040486943)	(87.0, 0.03761034502412252)	(88.0, 0.02611065849954236)	(89.0, 0.019656752796971863)	(90.0, 0.01451039162635071)	(91.0, 0.009652360788415826)	(92.0, 0.005712963801132534)	(93.0, 0.0032286291904287737)	(94.0, 0.0019613167979240214)	(95.0, 0.0012606070359306532)	(96.0, 0.0007342365448638645)	(97.0, 0.000412379429307102)	(98.0, 0.0001408124880560836)	(99.0, 3.0174104583446486e-05)	(100.0, 6.7053565740992185e-06)
SRR960459	(0.0, 0.0003986331302217488)	(1.0, 0.0002089221827065792)	(2.0, 4.0823874781745365e-05)	(3.0, 5.0429492377450153e-05)	(4.0, 4.322527918067156e-05)	(5.0, 8.645055836134312e-05)	(6.0, 0.00012247162434523607)	(7.0, 0.00015128847713235044)	(8.0, 0.00022813341789798878)	(9.0, 0.00035300644664215105)	(10.0, 0.0004418584094024204)	(11.0, 0.0006243651437208114)	(12.0, 0.0009917800167565196)	(13.0, 0.001409624382169678)	(14.0, 0.002101228849060423)	(15.0, 0.003292325430927817)	(16.0, 0.005376744449195756)	(17.0, 0.009348667325019688)	(18.0, 0.015918909760481763)	(19.0, 0.02659315231370871)	(20.0, 0.043904876625567676)	(21.0, 0.07055326124045169)	(22.0, 0.10979461052330466)	(23.0, 0.1642272440337648)	(24.0, 0.23814967564590991)	(25.0, 0.3355242226179683)	(26.0, 0.4603684345093435)	(27.0, 0.6093635704407194)	(28.0, 0.7728271678756257)	(29.0, 0.9460788896405552)	(30.0, 1.1309726199314787)	(31.0, 1.3140364800704207)	(32.0, 1.4967377281451248)	(33.0, 1.6887516224788643)	(34.0, 1.875830630772811)	(35.0, 2.0608372270704844)	(36.0, 2.2594141596264894)	(37.0, 2.4478955880894087)	(38.0, 2.6139911247455383)	(39.0, 2.7809055403017013)	(40.0, 2.8989537777441154)	(41.0, 3.000218599842434)	(42.0, 3.097549921535312)	(43.0, 3.1610478566517184)	(44.0, 3.193219471384133)	(45.0, 3.230414824119101)	(46.0, 3.263717500323409)	(47.0, 3.2234531527666137)	(48.0, 3.15737610932576)	(49.0, 3.135494512442745)	(50.0, 3.12503879768982)	(51.0, 3.0712065152790915)	(52.0, 2.9738463767334267)	(53.0, 2.895558191924034)	(54.0, 2.8715873732139525)	(55.0, 2.8549792603909787)	(56.0, 2.795398015849221)	(57.0, 2.640128010223451)	(58.0, 2.473436925276388)	(59.0, 2.34341048269213)	(60.0, 2.2130814631536073)	(61.0, 2.0415467455339105)	(62.0, 1.812580040309494)	(63.0, 1.589859387926685)	(64.0, 1.4000187645739732)	(65.0, 1.2469172271204336)	(66.0, 1.0987121532363042)	(67.0, 0.951388394766581)	(68.0, 0.8054790634878252)	(69.0, 0.6435979915518113)	(70.0, 0.5138212950250417)	(71.0, 0.4305838157494618)	(72.0, 0.36061169437355034)	(73.0, 0.2946907422186273)	(74.0, 0.23936958908056444)	(75.0, 0.20667206678478536)	(76.0, 0.19349796225227622)	(77.0, 0.17385447426905992)	(78.0, 0.1451168678271101)	(79.0, 0.12502431722129462)	(80.0, 0.10861071815463406)	(81.0, 0.0912533671591955)	(82.0, 0.0834151832011004)	(83.0, 0.07474131051217899)	(84.0, 0.0635603716307786)	(85.0, 0.05201682068514036)	(86.0, 0.04214464720115477)	(87.0, 0.03200111502009051)	(88.0, 0.022292237035231893)	(89.0, 0.017040365614780298)	(90.0, 0.012773069997888445)	(91.0, 0.008546598255778337)	(92.0, 0.005191836310478439)	(93.0, 0.002819248764339356)	(94.0, 0.0014552510657492759)	(95.0, 0.0008645055836134311)	(96.0, 0.0004634710489927561)	(97.0, 0.00023053482229691498)	(98.0, 0.00010806319795167889)	(99.0, 3.842247038281916e-05)	(100.0, 2.6415448388188175e-05)
SRR960460	(0.0, 0.000480398337947072)	(1.0, 0.00026369691376442535)	(2.0, 4.1773768517136696e-05)	(3.0, 5.2217210646420864e-05)	(4.0, 8.354753703427339e-05)	(5.0, 8.876925809891548e-05)	(6.0, 9.921270022819964e-05)	(7.0, 0.000180149376730152)	(8.0, 0.00028458379802299375)	(9.0, 0.00038640735878351447)	(10.0, 0.00047517661688242996)	(11.0, 0.0006736020173388292)	(12.0, 0.0010495659339930595)	(13.0, 0.001509077387681563)	(14.0, 0.0020234169125488088)	(15.0, 0.0031643629651731046)	(16.0, 0.005707341123653801)	(17.0, 0.009527030082439488)	(18.0, 0.01571215868350804)	(19.0, 0.026484569239864666)	(20.0, 0.04387812210618746)	(21.0, 0.07122427532171807)	(22.0, 0.11035063125908122)	(23.0, 0.16518392415888777)	(24.0, 0.24013911918129263)	(25.0, 0.3385215657602142)	(26.0, 0.46345385309230847)	(27.0, 0.6134007951845706)	(28.0, 0.7784881175037626)	(29.0, 0.9541781444447102)	(30.0, 1.1414943333360834)	(31.0, 1.324137081874602)	(32.0, 1.5065187443598886)	(33.0, 1.7007563245224449)	(34.0, 1.8911559397024893)	(35.0, 2.077273743609527)	(36.0, 2.277056791542733)	(37.0, 2.4647750529560843)	(38.0, 2.629086949697177)	(39.0, 2.798030513022607)	(40.0, 2.9176235905661043)	(41.0, 3.018616897677347)	(42.0, 3.1197903541653202)	(43.0, 3.183680722251748)	(44.0, 3.2079095079916873)	(45.0, 3.2393259927771068)	(46.0, 3.2770633709112746)	(47.0, 3.227960916879913)	(48.0, 3.153151930047318)	(49.0, 3.1289779723785576)	(50.0, 3.116756534226763)	(51.0, 3.0661371702261224)	(52.0, 2.959540956412519)	(53.0, 2.8805467601466135)	(54.0, 2.8601298307838627)	(55.0, 2.845498568360736)	(56.0, 2.7877828854332467)	(57.0, 2.628502116937937)	(58.0, 2.4532402711242898)	(59.0, 2.318603415193558)	(60.0, 2.1908435659049603)	(61.0, 2.022941735931926)	(62.0, 1.7995251784601498)	(63.0, 1.5751817654993998)	(64.0, 1.3816621719832316)	(65.0, 1.2324018862109698)	(66.0, 1.0873764162221327)	(67.0, 0.9400638324069825)	(68.0, 0.7975108473422537)	(69.0, 0.6384885540396434)	(70.0, 0.5082666632690669)	(71.0, 0.42568514463175217)	(72.0, 0.357468580643268)	(73.0, 0.2921970673352419)	(74.0, 0.2371914576403022)	(75.0, 0.20463663766279108)	(76.0, 0.19248569274536892)	(77.0, 0.17349690409379798)	(78.0, 0.14516123473651768)	(79.0, 0.12616200264281746)	(80.0, 0.10960131428630508)	(81.0, 0.09200672515899358)	(82.0, 0.08348748724203)	(83.0, 0.07361843442985647)	(84.0, 0.06358228654361438)	(85.0, 0.0533868761649007)	(86.0, 0.04274500863516012)	(87.0, 0.03231200994800523)	(88.0, 0.02254216983605989)	(89.0, 0.01696276087848982)	(90.0, 0.012772329724114545)	(91.0, 0.008576676848674627)	(92.0, 0.005143395248672455)	(93.0, 0.002934607238328853)	(94.0, 0.0015926249247158366)	(95.0, 0.0008615839756659445)	(96.0, 0.000477787477414751)	(97.0, 0.00027152949536138853)	(98.0, 0.00010704528182516278)	(99.0, 2.871946585553148e-05)	(100.0, 1.0443442129284174e-05)
SRR960461	(0.0, 0.000605512617925523)	(1.0, 0.0003312205773267819)	(2.0, 4.916555444694418e-05)	(3.0, 4.65778936865787e-05)	(4.0, 6.469151900913708e-05)	(5.0, 7.762982281096449e-05)	(6.0, 6.986684052986805e-05)	(7.0, 8.280514433169547e-05)	(8.0, 0.00014490900258046707)	(9.0, 0.00027170437983837576)	(10.0, 0.0004036750786170154)	(11.0, 0.0005796360103218683)	(12.0, 0.000846165068639513)	(13.0, 0.0011954992712888532)	(14.0, 0.001733732709444874)	(15.0, 0.002789498299673991)	(16.0, 0.004567221242045078)	(17.0, 0.007693115440566583)	(18.0, 0.013186719234822503)	(19.0, 0.022287522129027907)	(20.0, 0.037285603896106245)	(21.0, 0.06020192758990297)	(22.0, 0.0942581308570731)	(23.0, 0.144795145507011)	(24.0, 0.21264102298303358)	(25.0, 0.3009527094127868)	(26.0, 0.41785287192305787)	(27.0, 0.5605002589989655)	(28.0, 0.7178817864443943)	(29.0, 0.8882688968714199)	(30.0, 1.0694905429020958)	(31.0, 1.245844799042524)	(32.0, 1.4221188376993812)	(33.0, 1.6118124850594935)	(34.0, 1.7960720448228389)	(35.0, 1.9789135664895035)	(36.0, 2.1798816517825284)	(37.0, 2.3676112646255234)	(38.0, 2.5322589434860583)	(39.0, 2.700332685193317)	(40.0, 2.82390124948305)	(41.0, 2.928284896895433)	(42.0, 3.033690670308161)	(43.0, 3.108616387624543)	(44.0, 3.1492297232584794)	(45.0, 3.1978803332141115)	(46.0, 3.2440157369106672)	(47.0, 3.2059408964826495)	(48.0, 3.145770020821871)	(49.0, 3.1388247393410498)	(50.0, 3.1337503365899737)	(51.0, 3.091449846140279)	(52.0, 3.0030424162623923)	(53.0, 2.9323578749322485)	(54.0, 2.9284298058980136)	(55.0, 2.9260258690516343)	(56.0, 2.87077154883555)	(57.0, 2.7093894978545965)	(58.0, 2.536031752874671)	(59.0, 2.4117282929289945)	(60.0, 2.2899866171360794)	(61.0, 2.1206733859246056)	(62.0, 1.891385941270141)	(63.0, 1.6683994505671662)	(64.0, 1.474581071955031)	(65.0, 1.3183950437808911)	(66.0, 1.1644551051467487)	(67.0, 1.0094645762438976)	(68.0, 0.8577966037573558)	(69.0, 0.6896633458526086)	(70.0, 0.5521498777252661)	(71.0, 0.4611961896591797)	(72.0, 0.38743750734572197)	(73.0, 0.3196744350140311)	(74.0, 0.26159180158686746)	(75.0, 0.22660404044596572)	(76.0, 0.21299294484644332)	(77.0, 0.18951768642840763)	(78.0, 0.1575290241087695)	(79.0, 0.13566587834444158)	(80.0, 0.11813706435372577)	(81.0, 0.10114130847964527)	(82.0, 0.09282715445659098)	(83.0, 0.08224362194669615)	(84.0, 0.07032226882369237)	(85.0, 0.059855181048013996)	(86.0, 0.04890420071014727)	(87.0, 0.03688192881748923)	(88.0, 0.025485870828839647)	(89.0, 0.019298773950805776)	(90.0, 0.014910101301225914)	(91.0, 0.010565418884572268)	(92.0, 0.006492440847756997)	(93.0, 0.003684828922760448)	(94.0, 0.0021192941627393306)	(95.0, 0.001342995934629686)	(96.0, 0.0008099378179943963)	(97.0, 0.00044507765078286314)	(98.0, 0.00018113625322558382)	(99.0, 4.399023292621322e-05)	(100.0, 1.2938303801827418e-05)
SRR960462	(0.0, 0.0005961848165057028)	(1.0, 0.0003177777559676624)	(2.0, 3.6558502898934604e-05)	(3.0, 6.468042820580738e-05)	(4.0, 8.436577592061833e-05)	(5.0, 7.59291983285565e-05)	(6.0, 0.0001124877012274911)	(7.0, 0.00012373647135024022)	(8.0, 0.0001631071667798621)	(9.0, 0.0003177777559676624)	(10.0, 0.00040776791694965527)	(11.0, 0.0005033824629930227)	(12.0, 0.0007958504861844996)	(13.0, 0.0011642477077045328)	(14.0, 0.0017379349839647374)	(15.0, 0.002798131568033841)	(16.0, 0.004628868905511259)	(17.0, 0.007921946358946061)	(18.0, 0.013239802434475702)	(19.0, 0.021904167621523207)	(20.0, 0.036884717232494334)	(21.0, 0.06005437149282681)	(22.0, 0.09446717149084703)	(23.0, 0.1439476990682897)	(24.0, 0.21062197177835434)	(25.0, 0.30082867158521015)	(26.0, 0.419334464828372)	(27.0, 0.5632231078535173)	(28.0, 0.7219348177079151)	(29.0, 0.8893193293269526)	(30.0, 1.0708463571828164)	(31.0, 1.2542744271894248)	(32.0, 1.4356383478785086)	(33.0, 1.6309057484393104)	(34.0, 1.8155065027312154)	(35.0, 1.9960548875864002)	(36.0, 2.196530468714035)	(37.0, 2.3847477026004036)	(38.0, 2.55306867433216)	(39.0, 2.7207400295893276)	(40.0, 2.8401597854049627)	(41.0, 2.942419542398344)	(42.0, 3.047994874385406)	(43.0, 3.125245803203385)	(44.0, 3.1626564004391184)	(45.0, 3.207471500608151)	(46.0, 3.25264093703605)	(47.0, 3.217297301310372)	(48.0, 3.1598638932561456)	(49.0, 3.143778151980615)	(50.0, 3.1340479658244367)	(51.0, 3.0855967007132254)	(52.0, 2.99310087618639)	(53.0, 2.921089062053081)	(54.0, 2.9147560044739733)	(55.0, 2.9161311666214793)	(56.0, 2.854077326239334)	(57.0, 2.6878008184773874)	(58.0, 2.520067594984545)	(59.0, 2.39254872468053)	(60.0, 2.26926501632773)	(61.0, 2.100547525449147)	(62.0, 1.8684797734317717)	(63.0, 1.6475792379537553)	(64.0, 1.4547500083170593)	(65.0, 1.3016486225613826)	(66.0, 1.1527655256017368)	(67.0, 0.999987541987089)	(68.0, 0.8507079258806163)	(69.0, 0.6853313197284896)	(70.0, 0.5493393133295141)	(71.0, 0.4587839016488532)	(72.0, 0.3851691377730523)	(73.0, 0.317592151260637)	(74.0, 0.26129768118133906)	(75.0, 0.2269242518787485)	(76.0, 0.21091162760901513)	(77.0, 0.18894559175181683)	(78.0, 0.15905760953567244)	(79.0, 0.13632946950265784)	(80.0, 0.11845798597014019)	(81.0, 0.10163545025156889)	(82.0, 0.09335073105616418)	(83.0, 0.0833561988021016)	(84.0, 0.07075757626462259)	(85.0, 0.05983502047543321)	(86.0, 0.04995297592259811)	(87.0, 0.0373543533851191)	(88.0, 0.025478464328026737)	(89.0, 0.019550362473337954)	(90.0, 0.014606528004389718)	(91.0, 0.010107019955290075)	(92.0, 0.0066592719126674724)	(93.0, 0.003911759810186003)	(94.0, 0.0021822614038133274)	(95.0, 0.0012711110238706495)	(96.0, 0.0007930382936538122)	(97.0, 0.00045557518997133895)	(98.0, 0.0001490462041264257)	(99.0, 3.3746310368247336e-05)	(100.0, 1.9685347714810943e-05)
SRR960463	(0.0, 1.8201850145259865e-05)	(1.0, 1.8201850145259865e-05)	(2.0, 1.3651387608944899e-05)	(3.0, 4.550462536314966e-05)	(4.0, 5.9156012972094564e-05)	(5.0, 6.82569380447245e-05)	(6.0, 9.555971326261428e-05)	(7.0, 9.100925072629932e-05)	(8.0, 0.00020477081413417347)	(9.0, 0.0003685874654415123)	(10.0, 0.0004732481037767565)	(11.0, 0.0006552666052293551)	(12.0, 0.0008554869568272136)	(13.0, 0.001210423034659781)	(14.0, 0.0019931025909059553)	(15.0, 0.003107965912303122)	(16.0, 0.004928150926829108)	(17.0, 0.008586722806026343)	(18.0, 0.01532140735977249)	(19.0, 0.025578149916626425)	(20.0, 0.04278344876643331)	(21.0, 0.07159697754637968)	(22.0, 0.11201418579392922)	(23.0, 0.1696867479791851)	(24.0, 0.25075778852617253)	(25.0, 0.3562557119680987)	(26.0, 0.48942954855589255)	(27.0, 0.6639716400613257)	(28.0, 0.853744129675805)	(29.0, 1.0434620137398485)	(30.0, 1.2516047206134315)	(31.0, 1.4602115746657185)	(32.0, 1.6481411269529904)	(33.0, 1.8393288104162635)	(34.0, 2.056181102584353)	(35.0, 2.2699936857781844)	(36.0, 2.4752923535665707)	(37.0, 2.67235013370169)	(38.0, 2.827252428900388)	(39.0, 2.9780456564287934)	(40.0, 3.102669173910851)	(41.0, 3.1887730260230027)	(42.0, 3.270790562777544)	(43.0, 3.3112396242628477)	(44.0, 3.3102567243550043)	(45.0, 3.324099231390474)	(46.0, 3.315894747437498)	(47.0, 3.2254998091536016)	(48.0, 3.124220164482839)	(49.0, 3.0701242658511267)	(50.0, 3.03627337504348)	(51.0, 2.983073917531421)	(52.0, 2.8516611099451814)	(53.0, 2.740811842560549)	(54.0, 2.7272833174400843)	(55.0, 2.701964543888028)	(56.0, 2.618677428085855)	(57.0, 2.4664462543959744)	(58.0, 2.302447584587183)	(59.0, 2.158348087449697)	(60.0, 2.0326051561837053)	(61.0, 1.8664268148200194)	(62.0, 1.6619108265878795)	(63.0, 1.4697720964545162)	(64.0, 1.2829028019382058)	(65.0, 1.1362004402299477)	(66.0, 0.9969972407815365)	(67.0, 0.8600374193635286)	(68.0, 0.734103368671012)	(69.0, 0.5927569013679965)	(70.0, 0.47670645530435585)	(71.0, 0.3942930283091555)	(72.0, 0.32632731986675517)	(73.0, 0.2735647067581832)	(74.0, 0.22375989429821586)	(75.0, 0.18886239710721636)	(76.0, 0.17231691532517515)	(77.0, 0.15334148654874172)	(78.0, 0.12806821762204842)	(79.0, 0.10703142931666433)	(80.0, 0.0903949382838968)	(81.0, 0.0769574224141587)	(82.0, 0.0692307370274959)	(83.0, 0.059633811538407626)	(84.0, 0.050605693866358735)	(85.0, 0.04137735584271199)	(86.0, 0.03125712716194751)	(87.0, 0.02266585389338485)	(88.0, 0.015912967489493435)	(89.0, 0.011512670216876865)	(90.0, 0.008955310271467853)	(91.0, 0.006775638716572985)	(92.0, 0.0046824259498681004)	(93.0, 0.00271207567164372)	(94.0, 0.0013787901485034348)	(95.0, 0.0007872300187824891)	(96.0, 0.00042319301587729187)	(97.0, 0.00022297266427943335)	(98.0, 0.00010011017579892925)	(99.0, 4.550462536314966e-05)	(100.0, 3.1853237754204767e-05)
SRR960464	(0.0, 0.0)	(1.0, 9.787960475824081e-06)	(2.0, 1.9575920951648162e-05)	(3.0, 1.9575920951648162e-05)	(4.0, 3.9151841903296324e-05)	(5.0, 6.851572333076855e-05)	(6.0, 0.00010766756523406489)	(7.0, 0.00016150134785109733)	(8.0, 0.00021533513046812977)	(9.0, 0.00034747259689175486)	(10.0, 0.0004796100633153799)	(11.0, 0.0006704752925939495)	(12.0, 0.0010032659487719683)	(13.0, 0.0013801024270911953)	(14.0, 0.0019575920951648163)	(15.0, 0.003161511233691178)	(16.0, 0.005285498656945003)	(17.0, 0.00901960557847189)	(18.0, 0.015298582223713036)	(19.0, 0.025894049438792602)	(20.0, 0.044109443884301214)	(21.0, 0.07159893088065314)	(22.0, 0.11351587161836976)	(23.0, 0.17333499206636863)	(24.0, 0.25287685287315304)	(25.0, 0.35734375503162347)	(26.0, 0.4935285431120017)	(27.0, 0.6704606106532358)	(28.0, 0.8620061031848751)	(29.0, 1.0506690413563842)	(30.0, 1.2602733209659192)	(31.0, 1.4748792483786)	(32.0, 1.66459439230126)	(33.0, 1.8609359854660532)	(34.0, 2.0784048913179127)	(35.0, 2.287612758528177)	(36.0, 2.4903801477453484)	(37.0, 2.692144271013748)	(38.0, 2.853474329556518)	(39.0, 2.99281573489035)	(40.0, 3.1105159596121346)	(41.0, 3.204049709919109)	(42.0, 3.284707398220138)	(43.0, 3.321823344344463)	(44.0, 3.316968515948454)	(45.0, 3.3322964620535944)	(46.0, 3.326183880736442)	(47.0, 3.2294641492945866)	(48.0, 3.1288830674450185)	(49.0, 3.0655598571466744)	(50.0, 3.026315029618858)	(51.0, 2.97322023801775)	(52.0, 2.8353274508343405)	(53.0, 2.7343842144471666)	(54.0, 2.7181117301561093)	(55.0, 2.686966439922037)	(56.0, 2.6054620930398498)	(57.0, 2.4419591072714466)	(58.0, 2.2783533479180473)	(59.0, 2.139481764687055)	(60.0, 2.014200764576745)	(61.0, 1.8466259872503985)	(62.0, 1.6421701748511472)	(63.0, 1.4583033373127918)	(64.0, 1.271901418011198)	(65.0, 1.125346285806684)	(66.0, 0.987810759180642)	(67.0, 0.8530354374087824)	(68.0, 0.729814802978633)	(69.0, 0.5847180768850168)	(70.0, 0.4688824586338768)	(71.0, 0.390363439696816)	(72.0, 0.32301248366267044)	(73.0, 0.2691689130851622)	(74.0, 0.22069893280888134)	(75.0, 0.18692557518705039)	(76.0, 0.17105929125573954)	(77.0, 0.15308859582212653)	(78.0, 0.1275909587826048)	(79.0, 0.10593509622984403)	(80.0, 0.09021563170567054)	(81.0, 0.07765767841518825)	(82.0, 0.07055651308997789)	(83.0, 0.060455337878927436)	(84.0, 0.050378632569066537)	(85.0, 0.041016448373940806)	(86.0, 0.030636316289329373)	(87.0, 0.021876091663466816)	(88.0, 0.016032679259399843)	(89.0, 0.012391557962393286)	(90.0, 0.009445381859170238)	(91.0, 0.0072430907521098195)	(92.0, 0.005079951486952698)	(93.0, 0.0029559640636988723)	(94.0, 0.0014926639725631721)	(95.0, 0.000856446541634607)	(96.0, 0.0005138679249807642)	(97.0, 0.0002740628933230742)	(98.0, 9.298562452032877e-05)	(99.0, 2.936388142747224e-05)	(100.0, 1.468194071373612e-05)
SRR960465	(0.0, 0.000250413128382442)	(1.0, 0.00014651831979823734)	(2.0, 4.262351121403268e-05)	(3.0, 3.4631602861401554e-05)	(4.0, 3.196763341052451e-05)	(5.0, 5.5943358468417896e-05)	(6.0, 8.258305297718832e-05)	(7.0, 0.00012254259474034395)	(8.0, 0.00019446976991402412)	(9.0, 0.0003063564868508599)	(10.0, 0.00043422702049295795)	(11.0, 0.0006420166376613673)	(12.0, 0.0008897657965929323)	(13.0, 0.001246737703010456)	(14.0, 0.0018141631960472662)	(15.0, 0.002749216473305108)	(16.0, 0.0045820274555085135)	(17.0, 0.007602968812803079)	(18.0, 0.012968203286869444)	(19.0, 0.022126930258984715)	(20.0, 0.036869337200138276)	(21.0, 0.05995263249198784)	(22.0, 0.094549603750528)	(23.0, 0.14432587294016555)	(24.0, 0.2136423580519862)	(25.0, 0.3019103218373461)	(26.0, 0.4149878331187239)	(27.0, 0.5547663102062425)	(28.0, 0.7157286723671351)	(29.0, 0.891265611393776)	(30.0, 1.0773571973847917)	(31.0, 1.267713798466662)	(32.0, 1.4535150117875322)	(33.0, 1.6443058398898949)	(34.0, 1.8352538421898597)	(35.0, 2.021198909861077)	(36.0, 2.231577905335739)	(37.0, 2.4574958346173665)	(38.0, 2.656182668172129)	(39.0, 2.8403295564640043)	(40.0, 2.9822525289594792)	(41.0, 3.1139565146413895)	(42.0, 3.2433241991148805)	(43.0, 3.3302601781748016)	(44.0, 3.3730328716780833)	(45.0, 3.412211870392132)	(46.0, 3.4458444847094545)	(47.0, 3.4009965590039397)	(48.0, 3.3346930233410608)	(49.0, 3.267555665240058)	(50.0, 3.2018195550702155)	(51.0, 3.1394293905306756)	(52.0, 3.0410276869541795)	(53.0, 2.9209572558642494)	(54.0, 2.807200432372898)	(55.0, 2.7112229409966995)	(56.0, 2.5794310443229107)	(57.0, 2.4135376747084445)	(58.0, 2.289191572649857)	(59.0, 2.1683006389690567)	(60.0, 2.027072962500261)	(61.0, 1.883434393678422)	(62.0, 1.70983948838147)	(63.0, 1.5349765336259011)	(64.0, 1.3912447258732812)	(65.0, 1.2543166960982013)	(66.0, 1.1075266514159743)	(67.0, 0.9597669218536282)	(68.0, 0.8176894391300029)	(69.0, 0.6752949440417233)	(70.0, 0.5506531413740882)	(71.0, 0.46020072263900913)	(72.0, 0.3870774251818852)	(73.0, 0.31911956449001183)	(74.0, 0.2609837591635221)	(75.0, 0.22390130440731368)	(76.0, 0.20463281336912004)	(77.0, 0.1819837450977634)	(78.0, 0.1534393124316159)	(79.0, 0.13065704568771544)	(80.0, 0.11156171266382879)	(81.0, 0.09427787886653854)	(82.0, 0.08470623662953733)	(83.0, 0.07446327409091509)	(84.0, 0.06357030300627886)	(85.0, 0.052863809783204034)	(86.0, 0.0421919481629906)	(87.0, 0.030947333110838603)	(88.0, 0.02108531820369179)	(89.0, 0.01591721746899033)	(90.0, 0.011609578866922151)	(91.0, 0.007419154920692563)	(92.0, 0.004454156921866416)	(93.0, 0.00262134593966301)	(94.0, 0.0013905920533578162)	(95.0, 0.0008018548047139898)	(96.0, 0.0004582027455508513)	(97.0, 0.00022110946442279453)	(98.0, 9.323893078069649e-05)	(99.0, 2.131175560701634e-05)	(100.0, 1.3319847254385213e-05)
SRR960466	(0.0, 0.0003236685331359418)	(1.0, 0.00017628375465439684)	(2.0, 3.178887379013714e-05)	(3.0, 3.467877140742234e-05)	(4.0, 6.935754281484467e-05)	(5.0, 0.0001011464166049818)	(6.0, 0.00010981610945683737)	(7.0, 0.00015027467609883012)	(8.0, 0.0002456412974692415)	(9.0, 0.00034678771407422335)	(10.0, 0.0004479341306792051)	(11.0, 0.0006039886020126056)	(12.0, 0.0008814187732719842)	(13.0, 0.0012079772040252113)	(14.0, 0.0017772870346303943)	(15.0, 0.0027425128388036497)	(16.0, 0.0045833776210143186)	(17.0, 0.007964557833237995)	(18.0, 0.013333987606153886)	(19.0, 0.022541201414824515)	(20.0, 0.037181422743991305)	(21.0, 0.06047110764169269)	(22.0, 0.09559781317979422)	(23.0, 0.14598317813716158)	(24.0, 0.21405182661469704)	(25.0, 0.30348259827920465)	(26.0, 0.41768557231908104)	(27.0, 0.5571115727626225)	(28.0, 0.7214687199504833)	(29.0, 0.8992147627992265)	(30.0, 1.088881633319271)	(31.0, 1.2758146606933638)	(32.0, 1.4609154929780979)	(33.0, 1.6587029758027136)	(34.0, 1.8516325407326735)	(35.0, 2.039374739439606)	(36.0, 2.2510597399057466)	(37.0, 2.476980376034634)	(38.0, 2.672840297148521)	(39.0, 2.8539761899023395)	(40.0, 3.000681842443822)	(41.0, 3.1295076984271613)	(42.0, 3.258720800691217)	(43.0, 3.3438831935749946)	(44.0, 3.379446273653306)	(45.0, 3.4247078501352273)	(46.0, 3.454762785354993)	(47.0, 3.4024382990964277)	(48.0, 3.3309422320447917)	(49.0, 3.2636827549000964)	(50.0, 3.1948049350897207)	(51.0, 3.1256236760295306)	(52.0, 3.0267747280302904)	(53.0, 2.9093466282495237)	(54.0, 2.7997299217282787)	(55.0, 2.7001267104509274)	(56.0, 2.5682693518670563)	(57.0, 2.4030423454963925)	(58.0, 2.2764850591426216)	(59.0, 2.154071885972038)	(60.0, 2.0124062148751007)	(61.0, 1.8706943054162866)	(62.0, 1.6926390435224938)	(63.0, 1.5190313340617032)	(64.0, 1.3800937263154829)	(65.0, 1.242447902804189)	(66.0, 1.094768354765681)	(67.0, 0.9464039009918764)	(68.0, 0.8056109789753592)	(69.0, 0.6669883700694229)	(70.0, 0.5469275735593094)	(71.0, 0.45728294947112275)	(72.0, 0.383506753199449)	(73.0, 0.31579356212883963)	(74.0, 0.2594029899227536)	(75.0, 0.2228053264974539)	(76.0, 0.20396030413513716)	(77.0, 0.18198552265330054)	(78.0, 0.15278599712825094)	(79.0, 0.13010319073017945)	(80.0, 0.11167720352236905)	(81.0, 0.09521923659192986)	(82.0, 0.08626344387596306)	(83.0, 0.07602742651553888)	(84.0, 0.06461233092726237)	(85.0, 0.053483335203097095)	(86.0, 0.042579751493080055)	(87.0, 0.03151144361887776)	(88.0, 0.020931528441996663)	(89.0, 0.015241320033562114)	(90.0, 0.011470003643004937)	(91.0, 0.007747815511941605)	(92.0, 0.004667184651915589)	(93.0, 0.0026269169341122415)	(94.0, 0.0014709578871981638)	(95.0, 0.0008467400018645619)	(96.0, 0.00046238361876563104)	(97.0, 0.0002456412974692415)	(98.0, 0.00010692621183955219)	(99.0, 2.0229283320996362e-05)	(100.0, 0.0)
SRR960467	(0.0, 0.0006284063630188454)	(1.0, 0.00034842332999064705)	(2.0, 5.28856840164375e-05)	(3.0, 4.355291624883088e-05)	(4.0, 3.7331071070426466e-05)	(5.0, 5.59966066056397e-05)	(6.0, 9.332767767606617e-05)	(7.0, 8.399490990845956e-05)	(8.0, 0.0001586570520493125)	(9.0, 0.0003453124074014448)	(10.0, 0.0004479728528451176)	(11.0, 0.000591075291948419)	(12.0, 0.0008523927894414043)	(13.0, 0.0011697068935400293)	(14.0, 0.0018261115598616946)	(15.0, 0.0027562774140331542)	(16.0, 0.004585499896484051)	(17.0, 0.008085287809336532)	(18.0, 0.014114255787210405)	(19.0, 0.024022544233819432)	(20.0, 0.039334505217872684)	(21.0, 0.063770802156056)	(22.0, 0.10082189019345429)	(23.0, 0.1536173574548049)	(24.0, 0.22595875134411297)	(25.0, 0.31785540462914613)	(26.0, 0.43555404986902235)	(27.0, 0.5784449462362581)	(28.0, 0.7469356245900388)	(29.0, 0.9260936565021938)	(30.0, 1.11113444303053)	(31.0, 1.2998025652978762)	(32.0, 1.4867130163023232)	(33.0, 1.6842659334844308)	(34.0, 1.878735926380639)	(35.0, 2.0650584130157266)	(36.0, 2.272762270606401)	(37.0, 2.495858973168448)	(38.0, 2.697676965220352)	(39.0, 2.8806987629882963)	(40.0, 3.017529582151766)	(41.0, 3.144156575222653)	(42.0, 3.2665309371140996)	(43.0, 3.3440240188111265)	(44.0, 3.3735528960278343)	(45.0, 3.4107688629624597)	(46.0, 3.4360388871545493)	(47.0, 3.3837007255138114)	(48.0, 3.308976364921175)	(49.0, 3.234214673257467)	(50.0, 3.167059187324359)	(51.0, 3.1032323885616977)	(52.0, 3.0072293174589175)	(53.0, 2.88080142343374)	(54.0, 2.7651186560316665)	(55.0, 2.6712185685991874)	(56.0, 2.546806552411813)	(57.0, 2.385508327084268)	(58.0, 2.251527113012507)	(59.0, 2.130415785692276)	(60.0, 1.999890806617119)	(61.0, 1.8655580582927787)	(62.0, 1.690593550030868)	(63.0, 1.511158646008274)	(64.0, 1.3653839244008479)	(65.0, 1.2291410696067373)	(66.0, 1.0869750182027857)	(67.0, 0.942391779947024)	(68.0, 0.802894900124608)	(69.0, 0.6635971193479009)	(70.0, 0.5454038374163415)	(71.0, 0.4568452040695223)	(72.0, 0.3838256290557681)	(73.0, 0.31590796708830554)	(74.0, 0.25887853418305073)	(75.0, 0.22449972864977716)	(76.0, 0.20448405271085018)	(77.0, 0.180249965740965)	(78.0, 0.15218011121859348)	(79.0, 0.12998056762204654)	(80.0, 0.11138969422897417)	(81.0, 0.09533111182351238)	(82.0, 0.08818843355870412)	(83.0, 0.07808726791156456)	(84.0, 0.06534492898619233)	(85.0, 0.05443492346586019)	(86.0, 0.044346201509077435)	(87.0, 0.03347352705981573)	(88.0, 0.022653738294570458)	(89.0, 0.016491000645360892)	(90.0, 0.012204149317440252)	(91.0, 0.007892410608805994)	(92.0, 0.004756600638890172)	(93.0, 0.002740722801087143)	(94.0, 0.0014590226943358342)	(95.0, 0.0008648364797982131)	(96.0, 0.00045419469802352195)	(97.0, 0.0001586570520493125)	(98.0, 4.0441993659628674e-05)	(99.0, 2.4887380713617645e-05)	(100.0, 1.8665535535213233e-05)
SRR960468	(0.0, 0.0007311956782544031)	(1.0, 0.00037913849983561637)	(2.0, 3.046648659393346e-05)	(3.0, 7.108846871917808e-05)	(4.0, 0.0001150956160215264)	(5.0, 0.00010832528566731897)	(6.0, 0.00010832528566731897)	(7.0, 0.00011171045084442268)	(8.0, 0.00017941375438649705)	(9.0, 0.0003283610221790606)	(10.0, 0.00042314564713796473)	(11.0, 0.0005890187408160469)	(12.0, 0.0008902984415782777)	(13.0, 0.0012999034280078276)	(14.0, 0.0018889221688238745)	(15.0, 0.002975560190674168)	(16.0, 0.004993118636227984)	(17.0, 0.008009300809027396)	(18.0, 0.013327395302257338)	(19.0, 0.023401646869318)	(20.0, 0.03979938698720841)	(21.0, 0.0642842867131996)	(22.0, 0.10096593657229547)	(23.0, 0.1537135803619256)	(24.0, 0.2251913430764706)	(25.0, 0.31719674742497256)	(26.0, 0.4361616072439285)	(27.0, 0.5811854685962289)	(28.0, 0.7500950554381731)	(29.0, 0.9344782323046583)	(30.0, 1.1225478540490097)	(31.0, 1.310004760896305)	(32.0, 1.5004304576039205)	(33.0, 1.699965633803122)	(34.0, 1.894646483138357)	(35.0, 2.084997706212076)	(36.0, 2.2926268123497326)	(37.0, 2.5132786489237073)	(38.0, 2.7112871156280347)	(39.0, 2.8934631647990483)	(40.0, 3.03428942133174)	(41.0, 3.1562332265065476)	(42.0, 3.280793764363256)	(43.0, 3.350027162565381)	(44.0, 3.3764619174333843)	(45.0, 3.4198563498386765)	(46.0, 3.4457393227828113)	(47.0, 3.392609155328169)	(48.0, 3.308667214431528)	(49.0, 3.237179296221451)	(50.0, 3.1754000317393087)	(51.0, 3.1043555701674332)	(52.0, 3.0015921108860955)	(53.0, 2.87282042754907)	(54.0, 2.7561744058764304)	(55.0, 2.6599477005520797)	(56.0, 2.529598530242524)	(57.0, 2.369923674003719)	(58.0, 2.2411790719881104)	(59.0, 2.1151662982704242)	(60.0, 1.9815199770783696)	(61.0, 1.84432600278071)	(62.0, 1.6674714332681035)	(63.0, 1.4933419217230655)	(64.0, 1.3527424712572396)	(65.0, 1.218943817632215)	(66.0, 1.075142000908849)	(67.0, 0.9299895032798189)	(68.0, 0.7934894878434656)	(69.0, 0.6570504053803004)	(70.0, 0.5385256170343679)	(71.0, 0.45141854669713494)	(72.0, 0.3802556043440606)	(73.0, 0.31322933383740703)	(74.0, 0.2570559028885479)	(75.0, 0.2233599687156575)	(76.0, 0.20464339045145105)	(77.0, 0.18118419577412226)	(78.0, 0.15260324618383558)	(79.0, 0.13025777084977394)	(80.0, 0.11194402724164283)	(81.0, 0.0949674238784677)	(82.0, 0.08663653237761544)	(83.0, 0.07789603589033366)	(84.0, 0.0667520721273082)	(85.0, 0.05523912535997847)	(86.0, 0.04420010171744324)	(87.0, 0.03244003789218493)	(88.0, 0.021932485182454987)	(89.0, 0.016231867024212324)	(90.0, 0.011912396258227983)	(91.0, 0.008009300809027396)	(92.0, 0.004925415332685909)	(93.0, 0.0028469239139442266)	(94.0, 0.001509783668988258)	(95.0, 0.000886913276401174)	(96.0, 0.000490848950680039)	(97.0, 0.0002132654061575342)	(98.0, 8.801429460469666e-05)	(99.0, 2.0310991062622306e-05)	(100.0, 1.0155495531311153e-05)
SRR960469	(0.0, 0.0002902374053291941)	(1.0, 0.00016124300296066339)	(2.0, 3.2248600592132674e-05)	(3.0, 3.627967566614926e-05)	(4.0, 5.643505103623219e-05)	(5.0, 8.465257655434828e-05)	(6.0, 0.00010077687685041462)	(7.0, 0.0001088390269984478)	(8.0, 0.00017333622818271316)	(9.0, 0.0002942684804032107)	(10.0, 0.00043132503291977463)	(11.0, 0.0005321019097701892)	(12.0, 0.0007538110388411014)	(13.0, 0.0011085456453545609)	(14.0, 0.0017615798073452478)	(15.0, 0.002708882449739145)	(16.0, 0.0043616232300859445)	(17.0, 0.007409115986042483)	(18.0, 0.012149660273085987)	(19.0, 0.020610886853446798)	(20.0, 0.03407064652558817)	(21.0, 0.05563286709650289)	(22.0, 0.08682935709431724)	(23.0, 0.1320298018992652)	(24.0, 0.19520884153432716)	(25.0, 0.27825705020921687)	(26.0, 0.38570132523205486)	(27.0, 0.5165701775100032)	(28.0, 0.6715730762560891)	(29.0, 0.8407169863618249)	(30.0, 1.0210229433475129)	(31.0, 1.2000308941593671)	(32.0, 1.3843155222431096)	(33.0, 1.5787866770388916)	(34.0, 1.7693879997636177)	(35.0, 1.9613316704879913)	(36.0, 2.174107937194883)	(37.0, 2.40003760186829)	(38.0, 2.6019984941515957)	(39.0, 2.7879963291417944)	(40.0, 2.9368074965741906)	(41.0, 3.077342866879631)	(42.0, 3.2126660571143675)	(43.0, 3.308170287767969)	(44.0, 3.3593488169076835)	(45.0, 3.40814094960358)	(46.0, 3.452192538012433)	(47.0, 3.4169810972408983)	(48.0, 3.346804111277344)	(49.0, 3.279545623667377)	(50.0, 3.224698816210307)	(51.0, 3.173254236115708)	(52.0, 3.08498981629504)	(53.0, 2.9758363654408195)	(54.0, 2.870210105276363)	(55.0, 2.7757055812411178)	(56.0, 2.6542331649607025)	(57.0, 2.494981513086603)	(58.0, 2.3554216629490745)	(59.0, 2.221743151344537)	(60.0, 2.0818003490749772)	(61.0, 1.937362898097889)	(62.0, 1.7520825944708645)	(63.0, 1.5714098096534412)	(64.0, 1.4249165103886046)	(65.0, 1.2775404056825581)	(66.0, 1.121195158936825)	(67.0, 0.9688487386645162)	(68.0, 0.8280473174041908)	(69.0, 0.6868387575613899)	(70.0, 0.5622946620745735)	(71.0, 0.47180105773797515)	(72.0, 0.39615390289897995)	(73.0, 0.32475953226307214)	(74.0, 0.26578893500528356)	(75.0, 0.22748969072705197)	(76.0, 0.20804378456999595)	(77.0, 0.18487316504454862)	(78.0, 0.15466831951494234)	(79.0, 0.1324893444577031)	(80.0, 0.1145268739278852)	(81.0, 0.09712875390842961)	(82.0, 0.08917947386246891)	(83.0, 0.08021436289785602)	(84.0, 0.06837509540546931)	(85.0, 0.05710017842344492)	(86.0, 0.045861541117086686)	(87.0, 0.034058553300366126)	(88.0, 0.023638224234033254)	(89.0, 0.017857662577893472)	(90.0, 0.013544412248695726)	(91.0, 0.009376280622162577)	(92.0, 0.005756375205695684)	(93.0, 0.0031684250081770358)	(94.0, 0.0017736730325672975)	(95.0, 0.0011246699456506273)	(96.0, 0.0006328787866206039)	(97.0, 0.00028620633025517754)	(98.0, 8.062150148033169e-05)	(99.0, 5.2403975962215604e-05)	(100.0, 1.2093225222049755e-05)
SRR960470	(0.0, 0.0003213432076600578)	(1.0, 0.00018238398272597876)	(2.0, 3.039733045432979e-05)	(3.0, 3.039733045432979e-05)	(4.0, 4.34247577918997e-05)	(5.0, 8.250703980460943e-05)	(6.0, 0.00012158932181731916)	(7.0, 0.00013895922493407906)	(8.0, 0.00019541141006354864)	(9.0, 0.000290945877205728)	(10.0, 0.00046030243259413683)	(11.0, 0.0006036041333074059)	(12.0, 0.0008467827769420443)	(13.0, 0.0012028657908356218)	(14.0, 0.0017804150694678876)	(15.0, 0.0028486641111486206)	(16.0, 0.004589996898603798)	(17.0, 0.007416948630856469)	(18.0, 0.011789821740500769)	(19.0, 0.020092635430311992)	(20.0, 0.03463992929059839)	(21.0, 0.05539262103934726)	(22.0, 0.0866323917948399)	(23.0, 0.13286673141587552)	(24.0, 0.19537232778153593)	(25.0, 0.27916474041678563)	(26.0, 0.38616768609180563)	(27.0, 0.5179487985628837)	(28.0, 0.6770657960639627)	(29.0, 0.8493361527002079)	(30.0, 1.0280116611107584)	(31.0, 1.211485605257314)	(32.0, 1.3993628198439678)	(33.0, 1.5902016029120294)	(34.0, 1.7821607447311223)	(35.0, 1.977124879789414)	(36.0, 2.187834832023049)	(37.0, 2.4202745330557507)	(38.0, 2.6246401281759892)	(39.0, 2.808865320632344)	(40.0, 2.958915228706475)	(41.0, 3.093670937086298)	(42.0, 3.226476873841264)	(43.0, 3.3151372018249865)	(44.0, 3.3660266754813137)	(45.0, 3.4100506949307414)	(46.0, 3.446114956276914)	(47.0, 3.419017907414769)	(48.0, 3.355140088702884)	(49.0, 3.2837411019414424)	(50.0, 3.2260165714086706)	(51.0, 3.176568799711034)	(52.0, 3.0828017202109854)	(53.0, 2.96864237445186)	(54.0, 2.86040616565555)	(55.0, 2.760781086329374)	(56.0, 2.6337940671185214)	(57.0, 2.4699698258728007)	(58.0, 2.335335706814795)	(59.0, 2.204818254795461)	(60.0, 2.0677697192042257)	(61.0, 1.926535036961851)	(62.0, 1.7360132546256704)	(63.0, 1.552747749316516)	(64.0, 1.4056898070542476)	(65.0, 1.2599085526710612)	(66.0, 1.1111483599033503)	(67.0, 0.9623577698051852)	(68.0, 0.8199810164328837)	(69.0, 0.6812432577635433)	(70.0, 0.5575912599511089)	(71.0, 0.4663775562092236)	(72.0, 0.39285509879175823)	(73.0, 0.322467908886868)	(74.0, 0.2622855370630742)	(75.0, 0.2265599888276783)	(76.0, 0.20991962164182235)	(77.0, 0.18578414126108447)	(78.0, 0.15571683896597313)	(79.0, 0.1341260493918406)	(80.0, 0.11614819966599413)	(81.0, 0.09844826839001582)	(82.0, 0.09037126344072247)	(83.0, 0.0807874193960502)	(84.0, 0.06824634934574957)	(85.0, 0.057094871544789726)	(86.0, 0.04651660054668296)	(87.0, 0.034809285845986804)	(88.0, 0.024469851015735483)	(89.0, 0.01846420701311575)	(90.0, 0.013648401373994078)	(91.0, 0.009271185788570587)	(92.0, 0.005962219244827829)	(93.0, 0.0035130629053646855)	(94.0, 0.0018802920123892571)	(95.0, 0.001146413605706152)	(96.0, 0.0006079466090865959)	(97.0, 0.000290945877205728)	(98.0, 0.00015198665227164897)	(99.0, 3.4739806233519766e-05)	(100.0, 1.3027427337569911e-05)
