Sample	0	1	2	3	4	5	6	7	8	9	10	11	12	13	14	15
SRR960455	(1.0, 35.11000593859149)	(2.0, 11.501252510831858)	(3.0, 6.902280817479559)	(4.0, 4.8340577688944935)	(5.0, 3.6535432876360976)	(6.0, 2.8157605089146545)	(7.0, 2.277652723626848)	(8.0, 1.8210190255940788)	(9.0, 1.5772104378126675)	('>10', 16.09528162380936)	('>50', 4.145400978249766)	('>100', 6.94938922275469)	('>500', 1.4304317364043824)	('>1k', 0.8867134194000252)	('>5k', 0.0)	('>10k+', 0.0)
SRR960456	(1.0, 36.32338911266487)	(2.0, 11.758963039619807)	(3.0, 7.002589747362846)	(4.0, 4.7509819345879185)	(5.0, 3.521232741766482)	(6.0, 2.752767353874404)	(7.0, 2.173032222400165)	(8.0, 1.7514835013326915)	(9.0, 1.5392414330114952)	('>10', 15.619595229437714)	('>50', 3.98637975471288)	('>100', 6.766017817967428)	('>500', 1.288390009427684)	('>1k', 0.7659361018335055)	('>5k', 0.0)	('>10k+', 0.0)
SRR960457	(1.0, 41.000448868813336)	(2.0, 12.629629363834535)	(3.0, 7.14139795208794)	(4.0, 4.636999158290097)	(5.0, 3.2676441210828586)	(6.0, 2.4972224664807174)	(7.0, 1.987122822796133)	(8.0, 1.616959323863003)	(9.0, 1.3735508180432474)	('>10', 13.415580322047083)	('>50', 3.681770042174771)	('>100', 5.520327437511237)	('>500', 0.8995815049425395)	('>1k', 0.33176579803256634)	('>5k', 0.0)	('>10k+', 0.0)
SRR960458	(1.0, 41.9338830479003)	(2.0, 12.789557056601659)	(3.0, 7.071600298948308)	(4.0, 4.620492839041915)	(5.0, 3.287794634420732)	(6.0, 2.3946128594224403)	(7.0, 1.9418191400774716)	(8.0, 1.6206747008135352)	(9.0, 1.370269377796337)	('>10', 13.150782962200905)	('>50', 3.5015408544395616)	('>100', 5.224760730409046)	('>500', 0.8095721186656033)	('>1k', 0.28263937926223076)	('>5k', 0.0)	('>10k+', 0.0)
SRR960459	(1.0, 39.32910637950544)	(2.0, 11.947297231496524)	(3.0, 6.7529411940282085)	(4.0, 4.418417768169177)	(5.0, 3.23436583316892)	(6.0, 2.438652280825085)	(7.0, 2.02016586522396)	(8.0, 1.6666897755538583)	(9.0, 1.3635572107424332)	('>10', 13.196632408980374)	('>50', 3.514620258724426)	('>100', 6.446438761952004)	('>500', 1.8688291612970915)	('>1k', 1.8022858703326774)	('>5k', 0.0)	('>10k+', 0.0)
SRR960460	(1.0, 40.2003798244455)	(2.0, 12.252679523388528)	(3.0, 6.702162002696199)	(4.0, 4.436662511346472)	(5.0, 3.2346517352776036)	(6.0, 2.3915812043410414)	(7.0, 1.8972855007916443)	(8.0, 1.5490194140257416)	(9.0, 1.2520132336735097)	('>10', 12.855165664916388)	('>50', 3.4925413494288238)	('>100', 6.333977078310688)	('>500', 1.7731902461378488)	('>1k', 1.6286907112203177)	('>5k', 0.0)	('>10k+', 0.0)
SRR960461	(1.0, 39.966992487847016)	(2.0, 12.350059670543308)	(3.0, 6.702126876213972)	(4.0, 4.37915252381454)	(5.0, 3.164207647117059)	(6.0, 2.3698972987576483)	(7.0, 1.8241625287467422)	(8.0, 1.5149048335144273)	(9.0, 1.2542266052784075)	('>10', 12.830793526659964)	('>50', 3.700685282920932)	('>100', 6.499911302732456)	('>500', 1.8111176448841118)	('>1k', 1.6317617709694063)	('>5k', 0.0)	('>10k+', 0.0)
SRR960462	(1.0, 41.01445482184455)	(2.0, 12.34760188832166)	(3.0, 6.619928560924827)	(4.0, 4.402069942958103)	(5.0, 3.108404603578908)	(6.0, 2.3431083149945353)	(7.0, 1.8992801324666444)	(8.0, 1.4821240809861802)	(9.0, 1.2317157658784388)	('>10', 12.447315953762683)	('>50', 3.496685287102984)	('>100', 6.395595225306991)	('>500', 1.7360148141679563)	('>1k', 1.4757006077055579)	('>5k', 0.0)	('>10k+', 0.0)
SRR960463	(1.0, 45.97210218328199)	(2.0, 12.492906123614011)	(3.0, 6.61682394079187)	(4.0, 4.056910988733788)	(5.0, 2.981359798759931)	(6.0, 2.1500611396306706)	(7.0, 1.7317176620724146)	(8.0, 1.3747804486689112)	(9.0, 1.1160322062410404)	('>10', 11.635673835777752)	('>50', 3.1043326308085617)	('>100', 4.809754534890893)	('>500', 1.208109906049381)	('>1k', 0.749434600678889)	('>5k', 0.0)	('>10k+', 0.0)
SRR960464	(1.0, 47.09515609402616)	(2.0, 12.501497059269044)	(3.0, 6.581129477325656)	(4.0, 4.083781442317107)	(5.0, 2.766398882443444)	(6.0, 2.124252279625047)	(7.0, 1.721611639622717)	(8.0, 1.3601354543327608)	(9.0, 1.1640159056589479)	('>10', 11.216055966514126)	('>50', 2.9950862822840456)	('>100', 4.597056524323233)	('>500', 1.1584381715475562)	('>1k', 0.6353848207102764)	('>5k', 0.0)	('>10k+', 0.0)
SRR960465	(1.0, 39.681113147420575)	(2.0, 12.488883217152342)	(3.0, 7.3069465117788335)	(4.0, 4.682376553399827)	(5.0, 3.4899143729846456)	(6.0, 2.679248592233123)	(7.0, 2.119240207382831)	(8.0, 1.6695014707122087)	(9.0, 1.4291699302765979)	('>10', 13.915436310802692)	('>50', 3.799155424979551)	('>100', 5.4437080836437115)	('>500', 0.9751514463455896)	('>1k', 0.3201547308874753)	('>5k', 0.0)	('>10k+', 0.0)
SRR960466	(1.0, 41.08627038382303)	(2.0, 12.593826579405135)	(3.0, 7.069173294842056)	(4.0, 4.768104202461347)	(5.0, 3.3530396022560485)	(6.0, 2.577231839595745)	(7.0, 2.013621120423942)	(8.0, 1.6379394430670828)	(9.0, 1.4373017095328773)	('>10', 13.550718515395085)	('>50', 3.5697627396361065)	('>100', 5.1934055447820064)	('>500', 0.8760590325142439)	('>1k', 0.27354599226527676)	('>5k', 0.0)	('>10k+', 0.0)
SRR960467	(1.0, 41.92521196232003)	(2.0, 12.882049739066098)	(3.0, 7.0709073113035465)	(4.0, 4.6540589712078795)	(5.0, 3.3319102744290654)	(6.0, 2.5392993741117516)	(7.0, 1.988157516906735)	(8.0, 1.6019557959927335)	(9.0, 1.3471381546569956)	('>10', 13.427809669135291)	('>50', 3.5305321462968218)	('>100', 4.749216063552033)	('>500', 0.718104554658108)	('>1k', 0.23364846636290096)	('>5k', 0.0)	('>10k+', 0.0)
SRR960468	(1.0, 43.228293660025415)	(2.0, 12.975726906953582)	(3.0, 7.116358076434294)	(4.0, 4.552873055150168)	(5.0, 3.2125603340572706)	(6.0, 2.500647942053916)	(7.0, 1.9286107411718139)	(8.0, 1.5253160242865165)	(9.0, 1.27788690304357)	('>10', 12.95012553523302)	('>50', 3.374820653284732)	('>100', 4.545969831035904)	('>500', 0.6167423205432762)	('>1k', 0.19406801672650884)	('>5k', 0.0)	('>10k+', 0.0)
SRR960469	(1.0, 45.80022338738469)	(2.0, 13.13230552210716)	(3.0, 6.925274526662674)	(4.0, 4.406647719514567)	(5.0, 3.1357339585888133)	(6.0, 2.403135304093671)	(7.0, 1.7552087457868373)	(8.0, 1.4788288848720132)	(9.0, 1.2464246723734003)	('>10', 12.010826651024498)	('>50', 3.1830713815940777)	('>100', 3.9803432983813516)	('>500', 0.4169863808444845)	('>1k', 0.12498956677186196)	('>5k', 0.0)	('>10k+', 0.0)
SRR960470	(1.0, 46.61187822463768)	(2.0, 13.369968950887055)	(3.0, 6.791587511126934)	(4.0, 4.445965087678184)	(5.0, 3.1195790684781417)	(6.0, 2.2949921995485116)	(7.0, 1.8488520535635287)	(8.0, 1.433044138353056)	(9.0, 1.1488655624510433)	('>10', 11.5571113127614)	('>50', 3.1203026040699253)	('>100', 3.771509622748382)	('>500', 0.37499714317623695)	('>1k', 0.11134652051983517)	('>5k', 0.0)	('>10k+', 0.0)
