Sample	0	1	2	3	4	5	6	7	8	9	10	11	12	13	14	15	16	17	18	19	20	21	22	23	24	25	26	27	28	29	30	31	32	33	34	35	36	37	38	39	40	41	42	43	44	45	46	47	48
SRR960455 - illumina_universal_adapter	(1, 0.0)	(2, 1.0938428968868574e-05)	(3, 2.9169143916982865e-05)	(4, 0.00010938428968868575)	(5, 0.00014219957659529148)	(6, 0.00018595329247076577)	(7, 0.00019324557845001148)	(8, 0.00020783015040850292)	(9, 0.00025523000927360007)	(10, 0.00032815286906605725)	(12, 0.00039196037138445727)	(14, 0.0005341599479797487)	(16, 0.0006781825960698516)	(18, 0.0008313206016340117)	(20, 0.0009753432497241146)	(22, 0.0011321273982778973)	(24, 0.0013235499052330975)	(26, 0.0015350261986312233)	(28, 0.0018066638513581264)	(30, 0.002216854937690698)	(32, 0.002782007101082241)	(34, 0.0034146129097818068)	(36, 0.004355317801104504)	(38, 0.005589537203091842)	(40, 0.007042525184456552)	(42, 0.009179164976375546)	(44, 0.011917418361582312)	(46, 0.015173424051315524)	(48, 0.019173242910931802)	(50, 0.023902290368472648)	(52, 0.029934833944803667)	(54, 0.03736749642914987)	(56, 0.045729925375849884)	(58, 0.05557815759082123)	(60, 0.06740806852065259)	(62, 0.08193065604832044)	(64, 0.1003965472192654)	(66, 0.12267448088586108)	(68, 0.14886107983733243)	(70, 0.1801376944023173)	(72, 0.21804481999393138)	(74, 0.26629787631860025)	(76, 0.32499166309405425)	(78, 0.39546613786897966)	(80, 0.47970480242973135)	(82, 0.581413961125261)	(84, 0.7065951653164878)	(86, 0.8604897455509946)	(88, 1.0431122864007398)
SRR960455 - polya	(1, 0.01680142689618213)	(2, 0.02575270793570625)	(3, 0.029227482204816833)	(4, 0.03505766484522378)	(5, 0.03831002439196737)	(6, 0.040526879329658066)	(7, 0.044056345743612994)	(8, 0.05150906201440212)	(9, 0.06437994676777081)	(10, 0.07690627100862013)	(12, 0.08591771340747303)	(14, 0.09950324218680781)	(16, 0.11273691816764397)	(18, 0.12493144339643761)	(20, 0.13994626022770454)	(22, 0.15882963477096132)	(24, 0.17654259741454917)	(26, 0.19904476887500666)	(28, 0.2191350167478286)	(30, 0.23235593122820108)	(32, 0.24397618893612913)	(34, 0.25723174177490304)	(36, 0.26879913040948156)	(38, 0.28078217934487704)	(40, 0.2934251801613943)	(42, 0.3056707513920427)	(44, 0.31822989091979864)	(46, 0.33200866527758344)	(48, 0.3437893532770549)	(50, 0.3542647220862414)	(52, 0.36418770023249997)	(54, 0.3768161164770587)	(56, 0.38848377404385187)	(58, 0.39905941178525295)	(60, 0.40787578553416104)	(62, 0.41802300147428145)	(64, 0.4281665712714122)	(66, 0.43845416371663315)	(68, 0.44937071582756394)	(70, 0.460691989810343)	(72, 0.47319096797877014)	(74, 0.4837720749346557)	(76, 0.4960285845942729)	(78, 0.5077527573774052)	(80, 0.5168152457781128)	(82, 0.5257355346022251)	(84, 0.536613802211765)	(86, 0.5496104788982756)	(88, 0.5615114896164046)
SRR960456 - illumina_universal_adapter	(1, 0.0)	(2, 7.919508961934128e-06)	(3, 1.5839017923868256e-05)	(4, 9.107435306224248e-05)	(5, 0.00010295361650514366)	(6, 0.00014651091579578136)	(7, 0.00015839017923868255)	(8, 0.00016630968820061668)	(9, 0.0001742291971625508)	(10, 0.0002098669874912544)	(12, 0.000279162690908178)	(14, 0.0003880559391347723)	(16, 0.0005207077142471689)	(18, 0.0006414802259166643)	(20, 0.0007483935969027751)	(22, 0.0009186630395843588)	(24, 0.0011245702725946462)	(26, 0.001340376891807351)	(28, 0.001607660319272628)	(30, 0.001999676012888367)	(32, 0.002443168514756678)	(34, 0.0030727694772304413)	(36, 0.00391817705891691)	(38, 0.004997210154980435)	(40, 0.006527655261874205)	(42, 0.008499612993395803)	(44, 0.010976439421240701)	(46, 0.013906657737156328)	(48, 0.017579330018253278)	(50, 0.022317176254730373)	(52, 0.027997444057677623)	(54, 0.03507946494688722)	(56, 0.04313558543841471)	(58, 0.05242120969628247)	(60, 0.0639104373228084)	(62, 0.07840709847762883)	(64, 0.0965308947370151)	(66, 0.11811551641276655)	(68, 0.14386975955697634)	(70, 0.17360157607731752)	(72, 0.21139149296642673)	(74, 0.2586511626967686)	(76, 0.31719217294338564)	(78, 0.3862166331783631)	(80, 0.46796378456068766)	(82, 0.5674783542991114)	(84, 0.6898842646920057)	(86, 0.8412082620594026)	(88, 1.02017332558119)
SRR960456 - polya	(1, 0.01711801862122062)	(2, 0.026403642879088383)	(3, 0.0299001060857823)	(4, 0.03596249019614287)	(5, 0.03917781083468813)	(6, 0.04145070990676322)	(7, 0.04493925360449521)	(8, 0.05243110908248489)	(9, 0.06505876612228886)	(10, 0.07728450808227467)	(12, 0.08619989529617202)	(14, 0.09930272287369202)	(16, 0.11220360297268273)	(18, 0.1250470666316994)	(20, 0.1407118553584051)	(22, 0.15955830681056782)	(24, 0.17808203827253177)	(26, 0.20049028888032439)	(28, 0.22072067452358513)	(30, 0.23427491411193535)	(32, 0.24654619324845228)	(34, 0.2601657687857385)	(36, 0.2724588265719008)	(38, 0.2847380252173797)	(40, 0.2974508169785244)	(42, 0.30986266739911567)	(44, 0.3224685457892743)	(46, 0.33615939690721797)	(48, 0.3483079236548249)	(50, 0.35891808578657614)	(52, 0.36922928645501435)	(54, 0.38220144213466245)	(56, 0.39386885871283195)	(58, 0.4048235194844273)	(60, 0.4135448787287572)	(62, 0.42354919842492056)	(64, 0.43386633872508024)	(66, 0.44430425153690944)	(68, 0.4551341800423543)	(70, 0.46658579000131106)	(72, 0.47919958790043166)	(74, 0.48990874389420713)	(76, 0.5019840151839161)	(78, 0.5139979102791703)	(80, 0.5233092729411642)	(82, 0.532123686415797)	(84, 0.5437732840988021)	(86, 0.5569097695894103)	(88, 0.5684405746379864)
SRR960457 - illumina_universal_adapter	(1, 0.0)	(2, 0.0)	(3, 1.2344244184456832e-05)	(4, 6.789334301451257e-05)	(5, 6.789334301451257e-05)	(6, 9.875395347565465e-05)	(7, 9.875395347565465e-05)	(8, 0.0001172703197523399)	(9, 0.00014195880812125356)	(10, 0.00018824972381296668)	(12, 0.0002561430668274792)	(14, 0.0003981018749487328)	(16, 0.0005092000726088443)	(18, 0.0006141261481767274)	(20, 0.0007560849562979809)	(22, 0.0008856995202347776)	(24, 0.0010184001452176886)	(26, 0.001141842587062257)	(28, 0.001323920188782995)	(30, 0.0016263541713021875)	(32, 0.0020151978631125778)	(34, 0.0025490864240903357)	(36, 0.0032619665257427174)	(38, 0.004227903633176464)	(40, 0.005301852877224209)	(42, 0.006903518560157483)	(44, 0.009258183138342624)	(46, 0.011798011379294617)	(48, 0.015001342745161165)	(50, 0.019250848805660428)	(52, 0.024984750229340626)	(54, 0.03185123605694474)	(56, 0.04026075240760596)	(58, 0.05017935260981702)	(60, 0.06261309256461116)	(62, 0.07847236028059207)	(64, 0.09936499356278526)	(66, 0.1253496275710669)	(68, 0.15683362236352405)	(70, 0.19428914528021218)	(72, 0.2409905070910585)	(74, 0.300477419815956)	(76, 0.3755335105184996)	(78, 0.4650693996494111)	(80, 0.5724550658710472)	(82, 0.7007148490085998)	(84, 0.8640970929119782)	(86, 1.0669716600224801)	(88, 1.3072492870118864)
SRR960457 - polya	(1, 0.012159080521689979)	(2, 0.020435896247368284)	(3, 0.023497268805113578)	(4, 0.029854554560108847)	(5, 0.03309491865852877)	(6, 0.03573658691400253)	(7, 0.039705261419305395)	(8, 0.04687726729047482)	(9, 0.059493084846989695)	(10, 0.07263661884239012)	(12, 0.08117574975698812)	(14, 0.09411868978439111)	(16, 0.10686412190484279)	(18, 0.11973299646713903)	(20, 0.1348176628605453)	(22, 0.15352536492208962)	(24, 0.17130107654770743)	(26, 0.19245293895777424)	(28, 0.21154639865008285)	(30, 0.22479794478209725)	(32, 0.23609601427192134)	(34, 0.24852049604357718)	(36, 0.2602351837746267)	(38, 0.2718140848196472)	(40, 0.2845502587569605)	(42, 0.2968636423309562)	(44, 0.3099979181432183)	(46, 0.32315688244384927)	(48, 0.33512462718068015)	(50, 0.3457838820339586)	(52, 0.3555882979774635)	(54, 0.3681084476415488)	(56, 0.3793231934831278)	(58, 0.38944547371438243)	(60, 0.3978210433935364)	(62, 0.4073014229271993)	(64, 0.4170965806875658)	(66, 0.42654609961076745)	(68, 0.4369522974582646)	(70, 0.4477905438522177)	(72, 0.46008849712098276)	(74, 0.4703002731225747)	(76, 0.48125887589732624)	(78, 0.49239955627379856)	(80, 0.5010652156912871)	(82, 0.5099376411988656)	(84, 0.5208252645695565)	(86, 0.5328547305273097)	(88, 0.5431436580550545)
SRR960458 - illumina_universal_adapter	(1, 0.0)	(2, 6.705377706215007e-06)	(3, 2.6821510824860028e-05)	(4, 9.38752878870101e-05)	(5, 0.00012069679871187012)	(6, 0.00014081293183051515)	(7, 0.00015422368724294516)	(8, 0.00016092906494916015)	(9, 0.0001877505757740202)	(10, 0.00023468821971752525)	(12, 0.00032185812989832035)	(14, 0.0003956172846666854)	(16, 0.0004961979502599106)	(18, 0.0006638323929152856)	(20, 0.0008415249021299833)	(22, 0.0010560969887288634)	(24, 0.0012237314313842387)	(26, 0.0013578389855085388)	(28, 0.0016260540937571392)	(30, 0.0019680283567741043)	(32, 0.0023502348860283597)	(34, 0.002890017791378668)	(36, 0.0035471448065877388)	(38, 0.004492603063164055)	(40, 0.005676102228311003)	(42, 0.007288745566655712)	(44, 0.00937411803328858)	(46, 0.011922161561650282)	(48, 0.015419016035441407)	(50, 0.019519354502791884)	(52, 0.024994295399916436)	(54, 0.03204835274685462)	(56, 0.0402590877481149)	(58, 0.049901420889652076)	(60, 0.06230301695729673)	(62, 0.07818470405446698)	(64, 0.0980393274425696)	(66, 0.1229229841103335)	(68, 0.1530267773223858)	(70, 0.1890514190490259)	(72, 0.2344971164528981)	(74, 0.29301159500618335)	(76, 0.36538608927821503)	(78, 0.45380319971236616)	(80, 0.5588731156799022)	(82, 0.6867211997154505)	(84, 0.8470031957159609)	(86, 1.0448621283821002)	(88, 1.281722890476439)
SRR960458 - polya	(1, 0.012062974493480797)	(2, 0.02039775898230605)	(3, 0.023562697259639533)	(4, 0.03020102118879239)	(5, 0.0335134777756626)	(6, 0.0360145836600808)	(7, 0.04002439952839738)	(8, 0.047970272110262155)	(9, 0.06085130268390119)	(10, 0.07371556981327468)	(12, 0.08271418669501521)	(14, 0.09573603020048477)	(16, 0.10837231448784693)	(18, 0.12085102239911306)	(20, 0.13602864483713073)	(22, 0.15432091521968527)	(24, 0.17170125423419458)	(26, 0.19304447147307693)	(28, 0.2130935508146598)	(30, 0.226852985867813)	(32, 0.23858739685368927)	(34, 0.25124044458531697)	(36, 0.263434173944069)	(38, 0.2751685849299452)	(40, 0.28798256172652215)	(42, 0.30027687175086737)	(44, 0.3127153473958961)	(46, 0.3260791651643827)	(48, 0.3383835332552872)	(50, 0.34844830519231595)	(52, 0.35811075446697177)	(54, 0.3705022924680571)	(56, 0.38200872061192204)	(58, 0.3921640151479847)	(60, 0.4008206577667083)	(62, 0.4109122512145619)	(64, 0.4210004919735623)	(66, 0.4308305756908735)	(68, 0.44085176267281184)	(70, 0.45174464875655806)	(72, 0.4640858964248468)	(74, 0.4743786512038869)	(76, 0.48583143632610215)	(78, 0.49718364078272415)	(80, 0.5064303566395946)	(82, 0.5154323262101883)	(84, 0.526338623049347)	(86, 0.5391123675796865)	(88, 0.5500622493739357)
SRR960459 - illumina_universal_adapter	(1, 0.0)	(2, 0.0)	(3, 9.60563489596521e-06)	(4, 4.322535703184345e-05)	(5, 5.7633809375791264e-05)	(6, 8.164789661570429e-05)	(7, 8.164789661570429e-05)	(8, 9.605634895965211e-05)	(9, 0.00011046480130359992)	(10, 0.00016089438450741727)	(12, 0.00024254228112312158)	(14, 0.00032659158646281716)	(16, 0.0004106408918025128)	(18, 0.000499493014590191)	(20, 0.0005931479548258518)	(22, 0.0007156197997494082)	(24, 0.0007924648789171299)	(26, 0.0009149367238406863)	(28, 0.001078232517072095)	(30, 0.0012319226754075384)	(32, 0.001484070591426625)	(34, 0.0018274720389573813)	(36, 0.002206894617348007)	(38, 0.002706387631938198)	(40, 0.0035180637806472583)	(42, 0.004531458262171589)	(44, 0.005801803477162987)	(46, 0.007211430398145882)	(48, 0.009026895393483307)	(50, 0.011509952014090313)	(52, 0.014331607264780093)	(54, 0.018190671084234118)	(56, 0.022671699763201887)	(58, 0.027659425682931824)	(60, 0.033790222155281616)	(62, 0.04194540618195608)	(64, 0.0522114284770189)	(66, 0.06454026086599025)	(68, 0.07949383299028409)	(70, 0.09739153221019127)	(72, 0.1201664925485248)	(74, 0.1495957564610382)	(76, 0.1854631971625723)	(78, 0.23015581492477444)	(80, 0.28308046179281876)	(82, 0.34868694813226114)	(84, 0.42967205594014385)	(86, 0.5309226519697892)	(88, 0.6524723559433329)
SRR960459 - polya	(1, 0.013856128337429817)	(2, 0.024744115492006384)	(3, 0.028816904687895634)	(4, 0.03710656760311361)	(5, 0.040982441283635575)	(6, 0.04447408956831893)	(7, 0.04890709007280687)	(8, 0.05818133056486128)	(9, 0.07263781108328893)	(10, 0.0874953268586231)	(12, 0.09704092653648855)	(14, 0.11119963237314126)	(16, 0.1254640001936496)	(18, 0.13911120597209217)	(20, 0.15564970785422028)	(22, 0.1765995975623204)	(24, 0.19692031818473482)	(26, 0.22263940561868165)	(28, 0.24666790131093863)	(30, 0.26238752281818567)	(32, 0.27567451728802955)	(34, 0.28948742026842755)	(36, 0.30231334426326506)	(38, 0.31515847952789455)	(40, 0.32825336129981914)	(42, 0.3414635106904953)	(44, 0.35498104039784234)	(46, 0.368880394092304)	(48, 0.38123804338596323)	(50, 0.39247663621424256)	(52, 0.4031773134883478)	(54, 0.4164378924622278)	(56, 0.42833447128088065)	(58, 0.43958987397022786)	(60, 0.4490874454736135)	(62, 0.4594975522921158)	(64, 0.4703183000024206)	(66, 0.48149205479515217)	(68, 0.4927450560757754)	(70, 0.5048313461836236)	(72, 0.5190692985081681)	(74, 0.5307185322282498)	(76, 0.5443561323717965)	(78, 0.5574390071001012)	(80, 0.5677674660219877)	(82, 0.5778221643493393)	(84, 0.590038130528283)	(86, 0.6040479490240482)	(88, 0.6163551687345037)
SRR960460 - illumina_universal_adapter	(1, 0.0)	(2, 5.221733334537813e-06)	(3, 2.088693333815125e-05)	(4, 5.2217333345378134e-05)	(5, 6.788253334899157e-05)	(6, 7.83260000180672e-05)	(7, 8.876946668714282e-05)	(8, 9.921293335621846e-05)	(9, 0.00011487813335983189)	(10, 0.00015143026670159658)	(12, 0.0002062584667142436)	(14, 0.00028458446673231084)	(16, 0.0003707430667521847)	(18, 0.0004934538001138233)	(20, 0.000587445000135504)	(22, 0.000697101400160798)	(24, 0.0008328664668587813)	(26, 0.001010405400233067)	(28, 0.0011331161335947056)	(30, 0.00131326593363626)	(32, 0.0016004612670358397)	(34, 0.0019477065337826045)	(36, 0.002428106000560083)	(38, 0.0029006728673357553)	(40, 0.0035351134674820994)	(42, 0.004396699467680839)	(44, 0.005485430867931972)	(46, 0.006905742334926258)	(48, 0.008542755735303862)	(50, 0.0107228294024734)	(52, 0.01358695013646739)	(54, 0.017325711203996466)	(56, 0.021636252071657428)	(58, 0.026732663806166332)	(60, 0.03288125480758461)	(62, 0.04059375494269696)	(64, 0.050415835344962585)	(66, 0.06250414801441762)	(68, 0.07700229061776187)	(70, 0.09444287995511816)	(72, 0.11674229216026188)	(74, 0.14522162576683112)	(76, 0.1809200057083989)	(78, 0.22330220431817505)	(80, 0.2750313055967739)	(82, 0.3383082701447031)	(84, 0.41857675496321833)	(86, 0.5175729863860534)	(88, 0.6374300424803672)
SRR960460 - polya	(1, 0.01411434520325571)	(2, 0.02550294560588268)	(3, 0.029722106140189233)	(4, 0.03792544920874814)	(5, 0.04197751427634948)	(6, 0.0455700668105115)	(7, 0.050102531344890316)	(8, 0.05891681721359015)	(9, 0.07401284828373897)	(10, 0.08878774275381371)	(12, 0.09850016675605404)	(14, 0.11315235049276715)	(16, 0.12744945636273167)	(18, 0.1409241392325065)	(20, 0.15705929523622836)	(22, 0.17817076310776472)	(24, 0.19963208711271513)	(26, 0.22571203425206424)	(28, 0.250468271991108)	(30, 0.26652510199481183)	(32, 0.27936273339777296)	(34, 0.29360240020105766)	(36, 0.30683949420411094)	(38, 0.3197476190070885)	(40, 0.3335617145436083)	(42, 0.34679880854666156)	(44, 0.36029960008310913)	(46, 0.3744766060863792)	(48, 0.3869669922225937)	(50, 0.39814150155850464)	(52, 0.40922724142772837)	(54, 0.42317188029761166)	(56, 0.43547428403378274)	(58, 0.4465861325696792)	(60, 0.4563768825719376)	(62, 0.46665064290764074)	(64, 0.47757711991016116)	(66, 0.48895266597945175)	(68, 0.5006963442488273)	(70, 0.5124426333848702)	(72, 0.5263376657880752)	(74, 0.5385878521909009)	(76, 0.552668256127482)	(78, 0.5659758435305517)	(80, 0.5761608343995678)	(82, 0.586163064601875)	(84, 0.5985934008047422)	(86, 0.6131594259414355)	(88, 0.6255688752109646)
SRR960461 - illumina_universal_adapter	(1, 0.0)	(2, 5.1753367876291235e-06)	(3, 1.0350673575258247e-05)	(4, 4.657803108866211e-05)	(5, 6.210404145154948e-05)	(6, 7.763005181443686e-05)	(7, 8.79807253896951e-05)	(8, 9.315606217732422e-05)	(9, 0.00010350673575258247)	(10, 0.00013714642487217178)	(12, 0.00017854911917320477)	(14, 0.00023289015544331054)	(16, 0.00030275720207630373)	(18, 0.0004062639378288862)	(20, 0.0004890693264309521)	(22, 0.0005692870466392035)	(24, 0.0006676184456041569)	(26, 0.0007685375129629249)	(28, 0.0009341482901670568)	(30, 0.0011075220725526324)	(32, 0.001381814922296976)	(34, 0.0017803158549444184)	(36, 0.002354778238371251)	(38, 0.0030301596891568515)	(40, 0.004000535336837313)	(42, 0.005351298238408513)	(44, 0.006989292331693131)	(46, 0.009328544559701495)	(48, 0.012242259171136692)	(50, 0.015784777202268827)	(52, 0.02030802155465668)	(54, 0.02652101336820544)	(56, 0.03384929025948828)	(58, 0.04271464217669697)	(60, 0.053727758860771746)	(62, 0.06778397357597245)	(64, 0.08681368694408473)	(66, 0.11042874870603642)	(68, 0.1380935115043079)	(70, 0.17240340673789517)	(72, 0.2161220642513922)	(74, 0.2722667053919867)	(76, 0.34321022207680674)	(78, 0.42878959119704196)	(80, 0.5320168587630925)	(82, 0.6591334809408389)	(84, 0.8191911217718448)	(86, 1.0173625303753453)	(88, 1.255779945507844)
SRR960461 - polya	(1, 0.013652538445765628)	(2, 0.023387346943296007)	(3, 0.027056660725725056)	(4, 0.034343534922706864)	(5, 0.037624698446063726)	(6, 0.040341750259569015)	(7, 0.044549299067911496)	(8, 0.05358543709911194)	(9, 0.06812295813556216)	(10, 0.08149085305800818)	(12, 0.09047265005293852)	(14, 0.10387159699611032)	(16, 0.11670384456103673)	(18, 0.12942741005342295)	(20, 0.14451092912096802)	(22, 0.16376835730773598)	(24, 0.1826971516084895)	(26, 0.20642865844816283)	(28, 0.22910698425155368)	(30, 0.24356428756779563)	(32, 0.2553252404176828)	(34, 0.26869831067691646)	(36, 0.28064557565115833)	(38, 0.29238323948550116)	(40, 0.3049800092265904)	(42, 0.31740858052208176)	(44, 0.33026152943415865)	(46, 0.3433396054964975)	(48, 0.35488319420130426)	(50, 0.3651277733724161)	(52, 0.37492727357979183)	(54, 0.38707896435714506)	(56, 0.39834567254381364)	(58, 0.4088516062227008)	(60, 0.41764450342488263)	(62, 0.4273948379327759)	(64, 0.43749192000544035)	(66, 0.44743115430608205)	(68, 0.4576032787621671)	(70, 0.4683472779332851)	(72, 0.4809052326484672)	(74, 0.4914629196952306)	(76, 0.5032833889181756)	(78, 0.5148088639442256)	(80, 0.5237440829080673)	(82, 0.5323636063278636)	(84, 0.5430506767943177)	(86, 0.5556370958618317)	(88, 0.566044698141754)
SRR960462 - illumina_universal_adapter	(1, 0.0)	(2, 5.624401352781013e-06)	(3, 1.687320405834304e-05)	(4, 2.8122006763905065e-05)	(5, 4.4995210822248106e-05)	(6, 5.624401352781013e-05)	(7, 6.186841488059114e-05)	(8, 7.311721758615317e-05)	(9, 7.874161893893419e-05)	(10, 0.00010686362570283924)	(12, 0.0001349856324667443)	(14, 0.00021935165275845952)	(16, 0.00030934207440295574)	(18, 0.00040495689740023294)	(20, 0.00048369851633916713)	(22, 0.0005765011386600538)	(24, 0.000677740363010112)	(26, 0.0007733551860073893)	(28, 0.0009420872265908198)	(30, 0.0011333168725853743)	(32, 0.0013723539300785673)	(34, 0.0016816960044815231)	(36, 0.0021513335174387378)	(38, 0.002803764074361335)	(40, 0.003689607287424345)	(42, 0.004898853578272263)	(44, 0.006704286412514969)	(46, 0.009024351970537137)	(48, 0.011833740446251252)	(50, 0.01536867669647412)	(52, 0.01969102913608633)	(54, 0.025782255801148166)	(56, 0.03299273833541343)	(58, 0.04155307719434613)	(60, 0.05217757134974946)	(62, 0.06634262615672844)	(64, 0.08490315062090578)	(66, 0.10742044143676457)	(68, 0.1350221910755374)	(70, 0.16862236475705117)	(72, 0.21143249565374383)	(74, 0.2668384733799896)	(76, 0.3355096016967694)	(78, 0.41911632780585917)	(80, 0.5216210424602932)	(82, 0.6466767943387026)	(84, 0.8033444940204177)	(86, 0.9982749961051021)	(88, 1.2299103414180355)
SRR960462 - polya	(1, 0.014038505776541409)	(2, 0.024196174619663918)	(3, 0.027717049866504834)	(4, 0.03480941997236169)	(5, 0.03844840764761101)	(6, 0.04152495518758222)	(7, 0.04576012940622633)	(8, 0.05419673143539785)	(9, 0.06808337837541417)	(10, 0.08142727058488712)	(12, 0.09046287135812982)	(14, 0.10449575273331844)	(16, 0.1176652885008552)	(18, 0.129805558820833)	(20, 0.14510674270107377)	(22, 0.1645840445857544)	(24, 0.18399947805555447)	(26, 0.20843750193338795)	(28, 0.23113758579321214)	(30, 0.246165986207843)	(32, 0.2581150268818263)	(34, 0.2708796057519628)	(36, 0.28282302202459325)	(38, 0.2949154849330724)	(40, 0.30780380063297014)	(42, 0.3201887324117939)	(44, 0.3333160851691848)	(46, 0.34614534465487834)	(48, 0.35795658749571846)	(50, 0.36856702064773983)	(52, 0.37877530910303736)	(54, 0.39182110804081294)	(56, 0.4039613783607907)	(58, 0.41468429953986774)	(60, 0.42360178788470204)	(62, 0.43337137303448264)	(64, 0.44364434210533715)	(66, 0.45389481357078054)	(68, 0.4644518149099505)	(70, 0.47539689994246237)	(72, 0.4881558544112461)	(74, 0.4994721499330415)	(76, 0.5116771008685763)	(78, 0.52338429228439)	(80, 0.5326926765232425)	(82, 0.5419420045478909)	(84, 0.5527352307438778)	(86, 0.5644311733569858)	(88, 0.5747772596454265)
SRR960463 - illumina_universal_adapter	(1, 0.0)	(2, 0.0)	(3, 1.8201850145259865e-05)	(4, 6.370647550840953e-05)	(5, 6.370647550840953e-05)	(6, 9.100925072629932e-05)	(7, 0.00010921110087155919)	(8, 0.00010921110087155919)	(9, 0.00012741295101681907)	(10, 0.0001592661887710238)	(12, 0.00018656896398891362)	(14, 0.00022752312681574832)	(16, 0.0002548259020336381)	(18, 0.00029122960232415783)	(20, 0.0003412846902236225)	(22, 0.00036858746544151224)	(24, 0.00038223885305045717)	(26, 0.00042319301587729187)	(28, 0.00046414717870412657)	(30, 0.0005460555043577959)	(32, 0.0006143124424025204)	(34, 0.0007189730807377647)	(36, 0.0008964411196540484)	(38, 0.0011512670216876865)	(40, 0.001497102174447624)	(42, 0.00201585490358753)	(44, 0.0027075252091074047)	(46, 0.0034720029152083194)	(48, 0.004541361611242336)	(50, 0.005788188346192637)	(52, 0.007444556709411285)	(54, 0.0094558611504625)	(56, 0.011940413695290471)	(58, 0.015043829145057277)	(60, 0.018970878313897092)	(62, 0.02411290097993301)	(64, 0.030538154081209738)	(66, 0.038651628783459326)	(68, 0.04856253618755332)	(70, 0.0610217026119837)	(72, 0.07622934840834832)	(74, 0.0956552729758769)	(76, 0.12034608269792192)	(78, 0.15067946596499748)	(80, 0.18893065404526108)	(82, 0.23554104180473528)	(84, 0.29573911069764597)	(86, 0.3690015575323169)	(88, 0.4588322384617107)
SRR960463 - polya	(1, 0.004441251435443407)	(2, 0.01472529676751523)	(3, 0.019749007407606954)	(4, 0.035757534610363004)	(5, 0.04271064136585227)	(6, 0.04832591213566494)	(7, 0.05582507439551201)	(8, 0.06778368994094774)	(9, 0.08944389161380698)	(10, 0.1160504460636406)	(12, 0.12908297076764663)	(14, 0.14485487391851432)	(16, 0.15826508701303452)	(18, 0.17079706083804594)	(20, 0.18223692365434177)	(22, 0.198118037906081)	(24, 0.21343489480331718)	(26, 0.23431241691993024)	(28, 0.2647686626754863)	(30, 0.2847497436724453)	(32, 0.2983010211055913)	(34, 0.31202521611511724)	(36, 0.32513054821970433)	(38, 0.3363246860590392)	(40, 0.3481058335655586)	(42, 0.36025556853751955)	(44, 0.3725918724734694)	(46, 0.3855470393143582)	(48, 0.3980471599016153)	(50, 0.40841311355934085)	(52, 0.418283066800608)	(54, 0.4297183791543675)	(56, 0.44070319571703187)	(58, 0.4514741405404894)	(60, 0.46112567158001344)	(62, 0.46998542213821864)	(64, 0.4802785683953631)	(66, 0.48959791566973615)	(68, 0.49928585040955076)	(70, 0.5091512531882816)	(72, 0.5200041063373928)	(74, 0.5293962610123468)	(76, 0.540235462773849)	(78, 0.5524261519086369)	(80, 0.5623598116254125)	(82, 0.5712150117210815)	(84, 0.5807209279594434)	(86, 0.5918149556229793)	(88, 0.6014664866625032)
SRR960464 - illumina_universal_adapter	(1, 0.0)	(2, 0.0)	(3, 0.0)	(4, 3.9151841903296324e-05)	(5, 6.851572333076856e-05)	(6, 6.851572333076856e-05)	(7, 6.851572333076856e-05)	(8, 9.78796047582408e-05)	(9, 9.78796047582408e-05)	(10, 0.00012234950594780102)	(12, 0.00014192542689944916)	(14, 0.0001566073676131853)	(16, 0.0001859712490406575)	(18, 0.00023491105141977794)	(20, 0.0002593809526093381)	(22, 0.0002887448340368104)	(24, 0.00033279065617801873)	(26, 0.00040620035974669934)	(28, 0.0004453522016499956)	(30, 0.0005334438459324124)	(32, 0.0006215354902148291)	(34, 0.0007732488775901024)	(36, 0.0009200682847274635)	(38, 0.0011941311780505378)	(40, 0.0014828760120873482)	(42, 0.0018988643323098716)	(44, 0.0025497637039521726)	(46, 0.0032398149174977706)	(48, 0.004169671162701058)	(50, 0.005393166222179068)	(52, 0.006934769997121361)	(54, 0.008814058408479583)	(56, 0.0113002003693389)	(58, 0.014143602887565797)	(60, 0.017951119512661363)	(62, 0.022830417809859668)	(64, 0.028575950609168402)	(66, 0.03624971162221448)	(68, 0.0457685031849534)	(70, 0.05726935674404669)	(72, 0.07272944031561082)	(74, 0.092305361267259)	(76, 0.11616840890731808)	(78, 0.14606573418072277)	(80, 0.18338722747503997)	(82, 0.22968917450592577)	(84, 0.2872423821037714)	(86, 0.35966350166439376)	(88, 0.44819560416822257)
SRR960464 - polya	(1, 0.004287126688410947)	(2, 0.015259430381809741)	(3, 0.020740688248271227)	(4, 0.037673859871446884)	(5, 0.0444275525997655)	(6, 0.05026117704335665)	(7, 0.057944726016878556)	(8, 0.0697490063507224)	(9, 0.09122379163468043)	(10, 0.11802322741748675)	(12, 0.13187808547101576)	(14, 0.14710815197139804)	(16, 0.16101684380754405)	(18, 0.17373629844587743)	(20, 0.18513437841997454)	(22, 0.20117195165961232)	(24, 0.21683758240116877)	(26, 0.23878708376820426)	(28, 0.2703728322236886)	(30, 0.28983619162986474)	(32, 0.3037546714264866)	(34, 0.3178248646104837)	(36, 0.3310435052330841)	(38, 0.34267160227836313)	(40, 0.35488208297195367)	(42, 0.3674057784007706)	(44, 0.3801301270193419)	(46, 0.3935836786933621)	(48, 0.4059850246162312)	(50, 0.41631621689846354)	(52, 0.4264027101688002)	(54, 0.4372428763957754)	(56, 0.4488171396584374)	(58, 0.460190749731345)	(60, 0.4692935529738613)	(62, 0.47840125019661567)	(64, 0.48844859162504906)	(66, 0.49826102200206274)	(68, 0.5083426212921616)	(70, 0.5184193266020224)	(72, 0.5296852691096959)	(74, 0.5390474533048216)	(76, 0.5499267713737002)	(78, 0.5619708567392017)	(80, 0.5721454416538208)	(82, 0.5809399241413488)	(84, 0.5906838387950315)	(86, 0.6022042682750766)	(88, 0.6121439421382759)
SRR960465 - illumina_universal_adapter	(1, 0.0)	(2, 0.0)	(3, 5.327945146886652e-06)	(4, 3.729561602820657e-05)	(5, 3.729561602820657e-05)	(6, 5.8607396615753176e-05)	(7, 6.926328690952648e-05)	(8, 6.926328690952648e-05)	(9, 7.459123205641314e-05)	(10, 0.0001012309577908464)	(12, 0.00015451040925971293)	(14, 0.00022643766874268274)	(16, 0.0003063568459459825)	(18, 0.00038094807800239565)	(20, 0.0004555393100588088)	(22, 0.0005514423227027684)	(24, 0.0006393534176263984)	(26, 0.0007272645125500281)	(28, 0.0008391513606346478)	(30, 0.0009909977973209174)	(32, 0.00127337889010591)	(34, 0.001648999022961419)	(36, 0.002099210387873341)	(38, 0.0027305718877794092)	(40, 0.0036309946176032535)	(42, 0.00490970145285605)	(44, 0.006553372530670582)	(46, 0.008276962785688414)	(48, 0.010701177827521842)	(50, 0.013740770533820678)	(52, 0.017832632406629627)	(54, 0.02317123344381005)	(56, 0.02947952049772385)	(58, 0.036648270692859836)	(60, 0.04596418278219115)	(62, 0.058194480866869465)	(64, 0.07304879193638944)	(66, 0.09170991981335995)	(68, 0.11449221326144728)	(70, 0.14233072665393004)	(72, 0.17753246023941016)	(74, 0.22267613946898074)	(76, 0.2794507229542049)	(78, 0.3480853123363988)	(80, 0.4319711447015557)	(82, 0.5364787887577374)	(84, 0.6681882567613489)	(86, 0.8328270897452933)	(88, 1.0301581941505344)
SRR960465 - polya	(1, 0.012787068352527966)	(2, 0.023208529059838258)	(3, 0.027337686548675414)	(4, 0.03498328783445776)	(5, 0.03901654231065096)	(6, 0.04228790063083936)	(7, 0.04684862167657434)	(8, 0.05573563418158127)	(9, 0.0708936381244738)	(10, 0.08525245029533332)	(12, 0.09494931046266704)	(14, 0.10892717455552417)	(16, 0.12244150742060217)	(18, 0.13520992796511602)	(20, 0.1504265393046243)	(22, 0.1700893208692095)	(24, 0.18836417272303072)	(26, 0.21128232877236364)	(28, 0.23264738881137914)	(30, 0.24771748165934804)	(32, 0.26074164357091245)	(34, 0.2743065919148859)	(36, 0.286829926982643)	(38, 0.29930264657150457)	(40, 0.31243336738600674)	(42, 0.3256147036794043)	(44, 0.3392382594199935)	(46, 0.3536423591246015)	(48, 0.36609110296030223)	(50, 0.3774556099586115)	(52, 0.38812215614267853)	(54, 0.4016364890077565)	(56, 0.4138907628455958)	(58, 0.4252579338164785)	(60, 0.4346910606990413)	(62, 0.445283015651052)	(64, 0.45623727087305094)	(66, 0.467119598835567)	(68, 0.47879046267982217)	(70, 0.49073038775399513)	(72, 0.5041008661001072)	(74, 0.515601235699662)	(76, 0.5281618663834473)	(78, 0.5404427799470211)	(80, 0.5498013155975274)	(82, 0.5586510324865062)	(84, 0.5700954586620187)	(86, 0.5832821229005631)	(88, 0.5947691726372508)
SRR960466 - illumina_universal_adapter	(1, 0.0)	(2, 0.0)	(3, 5.779804588274753e-06)	(4, 2.8899022941373765e-05)	(5, 3.467882752964852e-05)	(6, 5.201824129447278e-05)	(7, 6.935765505929704e-05)	(8, 6.935765505929704e-05)	(9, 7.513745964757179e-05)	(10, 0.00010692638488308292)	(12, 0.00015605472388341836)	(14, 0.00020518306288375374)	(16, 0.00025720130417822653)	(18, 0.0003323387638257983)	(20, 0.0004334853441206065)	(22, 0.0005461915335919641)	(24, 0.0006473381138867723)	(26, 0.0007947231308877786)	(28, 0.0009507778547711968)	(30, 0.0011472912107725385)	(32, 0.0013409146644797428)	(34, 0.001719491865011739)	(36, 0.002202105548132681)	(38, 0.0028436638574311788)	(40, 0.0038262306374378867)	(42, 0.005045769405563859)	(44, 0.006667004592574927)	(46, 0.00868126649158868)	(48, 0.011198371389782334)	(50, 0.014235658700920717)	(52, 0.01824106328059512)	(54, 0.02318857600815831)	(56, 0.02924581121667025)	(58, 0.03617868682030582)	(60, 0.04522119109866167)	(62, 0.05676924066603463)	(64, 0.07160021923954765)	(66, 0.08998577763484963)	(68, 0.11140284353670174)	(70, 0.13904764888241988)	(72, 0.17345771549871364)	(74, 0.21869046620655183)	(76, 0.27527475312576166)	(78, 0.34308053065310695)	(80, 0.4253011408236095)	(82, 0.526349464440417)	(84, 0.6563257100215396)	(86, 0.818923172698885)	(88, 1.0090874133600067)
SRR960466 - polya	(1, 0.013102817001618866)	(2, 0.02387059294957473)	(3, 0.028170767563251146)	(4, 0.036042861412481364)	(5, 0.039903770877448896)	(6, 0.04337743343500202)	(7, 0.04770072726703154)	(8, 0.056827038711917376)	(9, 0.0721377410662572)	(10, 0.08692826100765229)	(12, 0.0964244799461877)	(14, 0.11035958880851815)	(16, 0.12380919408543349)	(18, 0.13704494659258268)	(20, 0.1523267499239811)	(22, 0.17149836174328847)	(24, 0.190042864764768)	(26, 0.21338749549680974)	(28, 0.23558483501807892)	(30, 0.2504707217351806)	(32, 0.26315450290414955)	(34, 0.27678039222100725)	(36, 0.2889873395114435)	(38, 0.30143414869229324)	(40, 0.31460921325126545)	(42, 0.3277842778102378)	(44, 0.34171938667256824)	(46, 0.35596082517807726)	(48, 0.3682284604166904)	(50, 0.37918985981835346)	(52, 0.3900038742030155)	(54, 0.403245406514753)	(56, 0.41536276683407103)	(58, 0.42639063398849925)	(60, 0.4356354314274447)	(62, 0.44663150965663745)	(64, 0.45766226671335974)	(66, 0.4683693547131388)	(68, 0.4799520831080414)	(70, 0.49187581997365215)	(72, 0.5051260219922721)	(74, 0.5163243933820544)	(76, 0.5291873484932599)	(78, 0.5413711765653431)	(80, 0.550942532963526)	(82, 0.5604532014135322)	(84, 0.5719232236189633)	(86, 0.5852716823155839)	(88, 0.5971405110376061)
SRR960467 - illumina_universal_adapter	(1, 0.0)	(2, 0.0)	(3, 1.8665593021756055e-05)	(4, 3.110932170292676e-05)	(5, 3.110932170292676e-05)	(6, 5.5996779065268166e-05)	(7, 6.844050774643886e-05)	(8, 7.466237208702422e-05)	(9, 7.466237208702422e-05)	(10, 9.643889727907294e-05)	(12, 0.0001399919476631704)	(14, 0.0002333199127719507)	(16, 0.000326647877880731)	(18, 0.00044797423252214533)	(20, 0.000547524061971511)	(22, 0.00066262855227234)	(24, 0.0007746221104028763)	(26, 0.0008710610076819493)	(28, 0.0010826043952618513)	(30, 0.001303480579352631)	(32, 0.0017016798971500936)	(34, 0.002152765061842532)	(36, 0.002858946664498969)	(38, 0.003730007672180918)	(40, 0.00487171977867833)	(42, 0.006330746966545595)	(44, 0.008178640675699445)	(46, 0.010328294805371684)	(48, 0.01310013536910246)	(50, 0.016621710585873768)	(52, 0.02129744163782366)	(54, 0.02745086547066257)	(56, 0.03427002878794412)	(58, 0.04215313090746576)	(60, 0.05212677944542408)	(62, 0.06479138431068555)	(64, 0.08092778947799367)	(66, 0.10003513486793128)	(68, 0.12238096064714357)	(70, 0.14975094188137855)	(72, 0.18431650922550047)	(74, 0.22890550002230536)	(76, 0.2843236457038991)	(78, 0.35068916169275277)	(80, 0.4310538724479235)	(82, 0.5280994015002035)	(84, 0.6488409008936028)	(86, 0.8005548409744361)	(88, 0.9827310288667752)
SRR960467 - polya	(1, 0.015336895599542892)	(2, 0.02563408108321165)	(3, 0.029510302567396323)	(4, 0.037038758419504596)	(5, 0.040964754818413954)	(6, 0.04377703750035854)	(7, 0.047752808813992575)	(8, 0.05596566974356524)	(9, 0.07096036280437594)	(10, 0.08543553019274776)	(12, 0.09502964500593036)	(14, 0.10885151663854073)	(16, 0.12188321149989675)	(18, 0.13457270382252057)	(20, 0.1492531927341317)	(22, 0.16746770059119534)	(24, 0.18487336608398286)	(26, 0.20640412763457847)	(28, 0.2270700500418327)	(30, 0.24154832836237483)	(32, 0.25363429984396185)	(34, 0.2673379560541011)	(36, 0.27924971533415177)	(38, 0.29155345206765926)	(40, 0.30446382057437393)	(42, 0.3171315363718057)	(44, 0.33030633411299515)	(46, 0.34393532795104736)	(48, 0.356155069515957)	(50, 0.3671366600770901)	(52, 0.3777729371673208)	(54, 0.3906833056740354)	(56, 0.4030710375761408)	(58, 0.414712145757376)	(60, 0.4237929567624603)	(62, 0.4339968142810203)	(64, 0.4450748437394325)	(66, 0.45518226236071346)	(68, 0.4659523095342667)	(70, 0.47718277466902326)	(72, 0.4896171705536831)	(74, 0.49973392197147487)	(76, 0.5117327873522937)	(78, 0.5233832283300398)	(80, 0.5324578174707835)	(82, 0.5413301960204582)	(84, 0.5518140374343445)	(86, 0.5641519944217253)	(88, 0.5753046862522246)
SRR960468 - illumina_universal_adapter	(1, 0.0)	(2, 0.0)	(3, 1.3540709296204708e-05)	(4, 4.739248253671648e-05)	(5, 5.416283718481883e-05)	(6, 6.770354648102355e-05)	(7, 6.770354648102355e-05)	(8, 7.44739011291259e-05)	(9, 7.44739011291259e-05)	(10, 0.00011509602901774002)	(12, 0.00018618475282281474)	(14, 0.00023357723535953124)	(16, 0.0003114363138127083)	(18, 0.00040283610156209007)	(20, 0.0004739248253671648)	(22, 0.0005314728398760349)	(24, 0.0006567244008659284)	(26, 0.0007989018484760778)	(28, 0.0009681607146786366)	(30, 0.001184812063417912)	(32, 0.0016181147608964625)	(34, 0.002068343344995269)	(36, 0.00267429008600043)	(38, 0.00347996228912461)	(40, 0.004502285840988066)	(42, 0.0057784976921553596)	(44, 0.007542175077986022)	(46, 0.009756081047915493)	(48, 0.012457452552508332)	(50, 0.01598480732416966)	(52, 0.020399078554732393)	(54, 0.025828902982510483)	(56, 0.032443539473706484)	(58, 0.03964381164196334)	(60, 0.049332189143397806)	(62, 0.06147143502744533)	(64, 0.07665395532581486)	(66, 0.09529951202668874)	(68, 0.11806821470825696)	(70, 0.14459107904219792)	(72, 0.17776243164057542)	(74, 0.22095729429546843)	(76, 0.2749576429687328)	(78, 0.34103968951153585)	(80, 0.41934899654881175)	(82, 0.5152476849618575)	(84, 0.6349814069135477)	(86, 0.7841221642792704)	(88, 0.9628798380531167)
SRR960468 - polya	(1, 0.015463490016265777)	(2, 0.026018472912657346)	(3, 0.02970831619587313)	(4, 0.03756869794231996)	(5, 0.04148873328357123)	(6, 0.044420296846199546)	(7, 0.04842157644322804)	(8, 0.05696576400913321)	(9, 0.07179284068847737)	(10, 0.08660637665852532)	(12, 0.09661634600574465)	(14, 0.11065467636858488)	(16, 0.12403289715323514)	(18, 0.13656143842954854)	(20, 0.15172026248664972)	(22, 0.17119857280924017)	(24, 0.18862546567345564)	(26, 0.21075775501810223)	(28, 0.2319489650666626)	(30, 0.24626826514739908)	(32, 0.25882727301962893)	(34, 0.2725744781326008)	(36, 0.28517410813271926)	(38, 0.2973742872085997)	(40, 0.3106374119642322)	(42, 0.32406302523141917)	(44, 0.3375834234636796)	(46, 0.3520618268786465)	(48, 0.36452943496312695)	(50, 0.375710675664468)	(52, 0.3864179915404419)	(54, 0.3997048125373427)	(56, 0.41174927345631684)	(58, 0.42320809869823006)	(60, 0.4324936400981024)	(62, 0.44282520129110664)	(64, 0.4536171466001818)	(66, 0.4641416629006569)	(68, 0.4748252825353624)	(70, 0.4862096338761465)	(72, 0.49904284111162456)	(74, 0.5094928835109706)	(76, 0.5214831815927597)	(78, 0.5329047698841085)	(80, 0.5421327632694719)	(82, 0.5512727420444101)	(84, 0.5622034796237714)	(86, 0.5747049394814924)	(88, 0.5857744693311397)
SRR960469 - illumina_universal_adapter	(1, 0.0)	(2, 0.0)	(3, 8.06216184773785e-06)	(4, 2.418648554321355e-05)	(5, 2.418648554321355e-05)	(6, 4.83729710864271e-05)	(7, 4.83729710864271e-05)	(8, 6.44972947819028e-05)	(9, 7.255945662964066e-05)	(10, 0.00012093242771606775)	(12, 0.00017333647972636379)	(14, 0.00022170945081279088)	(16, 0.0002620202600514801)	(18, 0.00031845539298564504)	(20, 0.00042729457793010605)	(22, 0.0004877607917881399)	(24, 0.0005482270056461738)	(26, 0.0006570661905906348)	(28, 0.0007497810518396201)	(30, 0.0008787756414034256)	(32, 0.001128702658683299)	(34, 0.0014713445372121577)	(36, 0.0019026701960661327)	(38, 0.002450897201712306)	(40, 0.003341766085887339)	(42, 0.004551090363048016)	(44, 0.006026465981184044)	(46, 0.007892856448935354)	(48, 0.010283287436789627)	(50, 0.013165510297355909)	(52, 0.017349772296331854)	(54, 0.02279576262447877)	(56, 0.029269678588212264)	(58, 0.03713834855160441)	(60, 0.047655438681978426)	(62, 0.06054280439558739)	(64, 0.07785629696360441)	(66, 0.09971281773282173)	(68, 0.12564073023514666)	(70, 0.15746611412909184)	(72, 0.19863554360456515)	(74, 0.25075741995019035)	(76, 0.31875772405493524)	(78, 0.40170930730631)	(80, 0.502796723634171)	(82, 0.6287639714241511)	(84, 0.787919108460344)	(86, 0.9871270655560985)	(88, 1.2257831805728343)
SRR960469 - polya	(1, 0.012963956251162463)	(2, 0.022815918029098117)	(3, 0.026347144918407294)	(4, 0.03401426083560599)	(5, 0.037964720140997534)	(6, 0.04116539839454946)	(7, 0.04589788739917158)	(8, 0.054709830298749054)	(9, 0.06906047838772242)	(10, 0.08329019404897972)	(12, 0.09313409366506764)	(14, 0.10709372690442573)	(16, 0.12026729936362937)	(18, 0.1328079921177856)	(20, 0.14814222395218302)	(22, 0.16741079076827647)	(24, 0.18575220897188005)	(26, 0.20741926893767554)	(28, 0.227518238424086)	(30, 0.24225990136267467)	(32, 0.25499811708210046)	(34, 0.26841355439673625)	(36, 0.28101068228382664)	(38, 0.2936279655755364)	(40, 0.30734170287853846)	(42, 0.32097481856306315)	(44, 0.3343297896638409)	(46, 0.3482531431748842)	(48, 0.3605358467499128)	(50, 0.37135929903050086)	(52, 0.3817312702476156)	(54, 0.3953966345795312)	(56, 0.40705855169228405)	(58, 0.41826092557971584)	(60, 0.42743163468151757)	(62, 0.43740855996809314)	(64, 0.4480828622544981)	(66, 0.4587773199455224)	(68, 0.46993535194279157)	(70, 0.4808877988129434)	(72, 0.49383966182133426)	(74, 0.5047921086914862)	(76, 0.5170062838908089)	(78, 0.5287125428937243)	(80, 0.5378792209146023)	(82, 0.5468161273228196)	(84, 0.5580870295859572)	(86, 0.5710711412417391)	(88, 0.5822815772910185)
SRR960470 - illumina_universal_adapter	(1, 0.0)	(2, 8.684965135510208e-06)	(3, 1.7369930271020416e-05)	(4, 3.473986054204083e-05)	(5, 3.473986054204083e-05)	(6, 5.210979081306125e-05)	(7, 6.947972108408166e-05)	(8, 6.947972108408166e-05)	(9, 6.947972108408166e-05)	(10, 0.0001172470293293878)	(12, 0.00017369930271020416)	(14, 0.0002127816458200001)	(16, 0.0002344940586587756)	(18, 0.0003213437100138777)	(20, 0.000377795983394694)	(22, 0.0004038508788012247)	(24, 0.00047333059988530636)	(26, 0.0005732076989436737)	(28, 0.000707824658544082)	(30, 0.0008728389961187759)	(32, 0.0010769356768032658)	(34, 0.0013548545611395926)	(36, 0.0017152806142632661)	(38, 0.002227693557258368)	(40, 0.003004997936886532)	(42, 0.0040298238228767365)	(44, 0.005423760727126125)	(46, 0.007321425609235106)	(48, 0.009592543992171024)	(50, 0.012471609934592658)	(52, 0.01652314617030817)	(54, 0.02158213836174287)	(56, 0.02808283476567226)	(58, 0.03574297401519226)	(60, 0.04543973758898941)	(62, 0.058319540884951046)	(64, 0.07439975383334821)	(66, 0.09509602575126902)	(68, 0.12046480891209434)	(70, 0.15285972886754742)	(72, 0.19319704943942456)	(74, 0.24675288694754827)	(76, 0.313323144711234)	(78, 0.39520933849139206)	(80, 0.4936403908546969)	(82, 0.6147001198785738)	(84, 0.7705040519270592)	(86, 0.9663587006979499)	(88, 1.2019340375160965)
SRR960470 - polya	(1, 0.013218516936246536)	(2, 0.023440720900742052)	(3, 0.027209995769553484)	(4, 0.03469643571636328)	(5, 0.03853519030625879)	(6, 0.04215682076776655)	(7, 0.046638262777689815)	(8, 0.05554035204158778)	(9, 0.06941024136299759)	(10, 0.08465669765838575)	(12, 0.09444899584867351)	(14, 0.10883998307821394)	(16, 0.12224088428230617)	(18, 0.135507168526798)	(20, 0.15115313321841967)	(22, 0.1706595649127756)	(24, 0.18908906093032823)	(26, 0.21157877814873194)	(28, 0.2328308878353254)	(30, 0.2474780815363634)	(32, 0.2602840626286732)	(34, 0.2744058159390128)	(36, 0.28735075647349073)	(38, 0.3000916003272842)	(40, 0.31423072356789483)	(42, 0.32832207950026016)	(44, 0.3415579663667777)	(46, 0.3550934845304704)	(48, 0.3671872984816683)	(50, 0.37786980559834593)	(52, 0.3882570239004161)	(54, 0.402213762873181)	(56, 0.41488078452332267)	(58, 0.42626677381597655)	(60, 0.4359027426338251)	(62, 0.44648971513401203)	(64, 0.45702892032595366)	(66, 0.4676549751692504)	(68, 0.47877607302527125)	(70, 0.49048340602793905)	(72, 0.5033501818761974)	(74, 0.5141369085745011)	(76, 0.5267040531255843)	(78, 0.5389020866584084)	(80, 0.5484946306505794)	(82, 0.5578961054097693)	(84, 0.5694123691794558)	(86, 0.5830781618201811)	(88, 0.5943903289091832)
